536650
1 131
1 139
1 144
1 150
1 287
1 291
1 326
1 364
1 507
2 56
2 197
3 132
3 139
3 143
3 285
3 291
3 326
3 364
3 453
3 506
4 55
4 85
4 95
4 197
5 134
5 140
5 145
5 284
5 326
5 364
5 505
6 56
6 96
6 198
7 135
7 141
7 145
7 326
7 364
7 453
7 505
7 510
8 55
9 137
9 145
9 327
9 364
10 51
10 54
10 58
10 71
10 90
10 200
11 138
11 144
11 327
11 364
11 505
12 51
12 58
12 64
12 90
12 200
13 140
13 143
13 327
13 364
14 51
14 58
14 96
14 201
15 143
15 148
15 328
15 365
15 425
16 51
16 96
16 201
17 143
17 145
17 328
17 365
18 51
18 63
18 201
19 145
19 329
19 365
20 52
20 203
21 146
21 329
21 365
22 52
22 204
23 147
23 330
23 347
23 364
24 53
24 205
25 148
25 330
25 347
25 364
25 462
26 46
26 53
27 149
27 330
27 364
28 46
28 54
28 86
28 201
29 150
29 330
29 364
30 46
30 54
30 86
31 151
31 330
31 364
32 46
32 55
32 86
33 152
33 331
33 364
33 461
34 46
34 50
34 54
35 152
35 331
35 364
35 393
35 510
36 49
36 53
37 153
37 331
37 364
37 510
38 49
39 153
39 331
39 363
39 510
40 50
41 154
41 331
41 510
42 51
43 154
43 332
43 364
43 395
43 504
43 509
44 52
44 88
45 154
45 211
45 217
45 219
45 330
45 333
45 363
45 395
45 504
45 509
46 47
46 51
46 87
47 155
47 211
47 216
47 219
47 328
47 334
47 350
47 363
47 504
47 509
48 47
48 49
49 155
49 214
49 216
49 219
49 327
49 337
49 362
49 504
50 46
50 49
51 155
51 214
51 219
51 323
51 338
51 362
51 364
51 504
51 508
52 46
52 49
53 155
53 219
53 319
53 339
53 361
53 365
53 508
54 46
54 49
54 60
55 156
55 218
55 314
55 341
55 365
55 412
55 508
56 46
56 59
57 156
57 217
57 221
57 312
57 343
57 365
57 367
57 508
58 45
59 157
59 217
59 221
59 310
59 345
59 347
59 349
59 508
60 46
61 157
61 217
61 221
61 307
61 323
61 349
61 358
61 360
61 363
61 369
61 375
61 509
62 46
63 158
63 217
63 223
63 305
63 355
63 358
63 360
63 376
63 509
64 46
65 158
65 216
65 218
65 305
65 323
65 353
65 359
65 369
65 379
65 509
66 46
66 68
67 15
67 159
67 215
67 217
67 304
67 325
67 353
67 369
67 381
67 439
67 455
67 457
67 509
68 45
68 58
69 17
69 159
69 216
69 220
69 223
69 303
69 324
69 326
69 369
69 383
69 438
69 452
69 455
69 510
70 45
70 58
71 160
71 217
71 222
71 302
71 324
71 369
71 384
71 438
71 449
71 454
71 456
71 510
72 42
73 160
73 223
73 369
73 385
73 447
73 454
73 510
74 63
75 161
75 217
75 222
75 299
75 369
75 386
75 405
75 439
75 447
75 510
76 43
77 161
77 221
77 297
77 368
77 386
77 447
77 459
77 462
77 510
78 42
79 161
79 220
79 297
79 367
79 371
79 386
79 448
79 458
79 462
79 510
80 42
81 162
81 221
81 293
81 297
81 366
81 371
81 387
81 448
81 510
82 42
83 163
83 221
83 291
83 365
83 387
83 449
83 463
83 509
85 163
85 221
85 223
85 290
85 364
85 373
85 388
85 458
85 509
86 43
87 164
87 223
87 226
87 287
87 291
87 362
87 388
87 450
87 464
87 509
88 43
89 164
89 224
89 226
89 286
89 361
89 389
89 440
89 451
89 461
89 466
89 509
90 43
91 164
91 225
91 285
91 359
91 390
91 399
91 401
91 437
91 447
91 452
91 466
91 509
92 43
93 165
93 182
93 222
93 226
93 231
93 285
93 358
93 391
93 402
93 436
93 452
93 466
93 510
94 43
95 165
95 180
95 182
95 225
95 231
95 282
95 357
95 393
95 402
95 436
95 447
95 453
95 510
96 38
96 42
97 166
97 225
97 281
97 356
97 402
97 436
97 447
97 454
97 510
98 43
99 166
99 180
99 183
99 225
99 230
99 281
99 356
99 401
99 437
99 447
99 453
99 463
100 43
101 166
101 188
101 191
101 227
101 280
101 355
101 400
101 420
101 422
101 437
101 447
101 466
101 468
102 43
103 166
103 185
103 191
103 228
103 279
103 354
103 401
103 411
103 418
103 437
103 452
103 455
103 477
104 44
105 167
105 184
105 190
105 192
105 196
105 228
105 279
105 353
105 364
105 403
105 411
105 418
105 437
105 451
105 453
105 473
105 476
105 480
106 43
107 167
107 184
107 190
107 194
107 228
107 278
107 352
107 364
107 405
107 419
107 436
107 444
107 450
107 458
107 467
107 473
107 479
107 483
108 43
109 168
109 188
109 231
109 277
109 351
109 406
109 420
109 436
109 443
109 450
109 452
109 468
109 472
109 479
109 482
110 43
111 168
111 188
111 191
111 227
111 232
111 276
111 351
111 407
111 409
111 411
111 419
111 421
111 436
111 443
111 446
111 452
111 464
111 468
111 472
111 479
111 482
111 486
112 43
113 169
113 187
113 189
113 191
113 275
113 350
113 412
113 422
113 425
113 435
113 444
113 446
113 464
113 468
113 472
113 479
114 43
115 169
115 188
115 227
115 274
115 349
115 410
115 413
115 424
115 427
115 435
115 447
115 460
115 465
115 467
115 471
115 478
116 43
117 169
117 180
117 187
117 191
117 227
117 273
117 348
117 410
117 428
117 435
117 448
117 451
117 478
117 485
118 43
119 169
119 185
119 191
119 226
119 231
119 235
119 271
119 347
119 362
119 409
119 436
119 451
119 472
119 477
119 495
121 169
121 178
121 185
121 188
121 227
121 267
121 347
121 408
121 437
121 447
121 451
121 454
121 473
121 477
121 495
123 57
123 169
123 179
123 186
123 227
123 230
123 234
123 266
123 347
123 367
123 371
123 407
123 409
123 437
123 441
123 451
123 463
123 477
123 495
123 498
123 508
125 57
125 170
125 188
125 227
125 234
125 265
125 346
125 367
125 370
125 410
125 413
125 438
125 442
125 448
125 459
125 465
125 477
125 487
125 493
125 508
127 170
127 188
127 190
127 192
127 228
127 232
127 265
127 346
127 413
127 442
127 460
127 463
127 465
127 477
127 480
127 492
129 170
129 179
129 189
129 229
129 231
129 265
129 346
129 366
129 369
129 474
129 476
131 59
131 171
131 180
131 189
131 229
131 231
131 234
131 264
131 345
131 448
131 453
131 462
131 477
131 496
131 506
133 59
133 171
133 188
133 231
133 261
133 345
133 372
133 450
133 453
133 471
133 479
135 58
135 172
135 188
135 232
135 260
135 345
135 456
135 460
135 470
135 480
135 494
135 498
135 509
137 56
137 59
137 172
137 188
137 233
137 236
137 260
137 344
137 371
137 453
137 456
137 458
137 469
137 481
137 496
137 499
137 509
139 57
139 173
139 189
139 234
139 259
139 344
139 453
139 456
139 459
139 468
139 481
139 496
139 508
141 56
141 189
141 234
141 237
141 258
141 343
141 459
141 467
141 481
141 507
143 56
143 189
143 235
143 237
143 257
143 343
143 374
143 464
143 482
143 496
143 506
145 56
145 182
145 190
145 235
145 256
145 311
145 342
145 463
145 482
145 496
145 505
147 55
147 59
147 191
147 235
147 254
147 342
147 461
147 466
147 483
147 488
147 493
147 501
147 505
149 192
149 253
149 342
149 369
149 460
149 466
149 484
149 492
149 497
149 500
149 504
151 192
151 238
151 250
151 298
151 341
151 459
151 466
151 485
151 493
151 497
151 504
153 56
153 59
153 193
153 238
153 249
153 341
153 368
153 458
153 464
153 466
153 485
153 495
153 502
155 53
155 57
155 193
155 248
155 341
155 368
155 457
155 485
155 501
157 57
157 193
157 247
157 341
157 456
157 464
157 485
159 54
159 56
159 193
159 247
159 341
159 455
159 486
159 497
161 56
161 193
161 246
161 340
161 455
161 487
161 494
161 496
163 57
163 70
163 194
163 214
163 245
163 304
163 340
163 454
163 487
163 490
163 493
165 58
165 69
165 195
165 243
165 340
165 454
165 488
165 492
167 58
167 70
167 195
167 242
167 340
167 453
167 488
167 491
169 57
169 196
169 207
169 241
169 340
169 452
169 489
171 59
171 197
171 206
171 240
171 340
171 451
171 490
173 57
173 197
173 205
173 239
173 300
173 339
173 450
173 452
173 491
175 54
175 57
175 67
175 198
175 219
175 239
175 296
175 339
175 448
175 450
175 453
175 492
177 58
177 67
177 71
177 200
177 220
177 238
177 339
177 448
177 450
177 453
177 495
179 59
179 67
179 202
179 214
179 238
179 338
179 447
179 453
179 496
181 60
181 67
181 204
181 212
181 237
181 297
181 338
181 446
181 453
181 498
183 56
183 61
183 63
183 206
183 213
183 236
183 338
183 366
183 446
183 452
183 499
185 56
185 60
185 207
185 213
185 230
185 235
185 337
185 445
185 451
185 500
187 61
187 65
187 210
187 214
187 226
187 296
187 337
187 445
187 500
189 24
189 59
189 65
189 69
189 73
189 212
189 224
189 337
189 443
189 450
189 501
191 25
191 60
191 66
191 68
191 223
191 337
191 367
191 443
191 446
191 501
193 60
193 66
193 70
193 74
193 222
193 337
193 442
193 501
195 61
195 67
195 71
195 221
195 337
195 442
195 502
197 68
197 70
197 73
197 221
197 336
197 442
197 457
197 502
199 63
199 69
199 219
199 336
199 441
199 502
201 63
201 74
201 217
201 336
201 441
201 455
201 503
203 67
203 74
203 216
203 336
203 441
203 504
205 19
205 214
205 336
205 441
205 457
205 504
207 213
207 336
207 440
207 456
207 505
209 19
209 212
209 293
209 336
209 441
209 506
211 20
211 212
211 335
211 441
211 449
211 506
213 211
213 335
213 441
213 448
213 453
213 506
215 210
215 274
215 335
215 441
215 450
215 452
215 506
217 209
217 274
217 288
217 291
217 293
217 335
217 441
217 451
217 506
219 207
219 335
219 440
219 506
221 71
221 206
221 335
221 440
221 449
223 206
223 335
223 440
223 505
225 205
225 271
225 335
225 441
225 505
227 204
227 335
227 441
227 505
229 11
229 204
229 267
229 289
229 335
229 440
229 453
229 505
231 203
231 267
231 273
231 290
231 335
231 440
231 504
233 202
233 267
233 278
233 336
233 441
233 452
233 504
235 200
235 272
235 277
235 280
235 335
235 441
235 503
237 200
237 336
237 441
237 503
239 200
239 269
239 280
239 336
239 442
239 503
241 198
241 270
241 273
241 281
241 336
241 442
241 502
243 197
243 273
243 284
243 336
243 443
243 502
245 197
245 273
245 335
245 443
245 502
247 196
247 277
247 280
247 335
247 443
247 502
249 195
249 267
249 272
249 277
249 280
249 283
249 335
249 369
249 443
249 502
251 195
251 266
251 270
251 281
251 284
251 289
251 335
251 369
251 442
251 501
253 194
253 269
253 276
253 282
253 285
253 289
253 335
253 441
253 501
255 44
255 194
255 265
255 276
255 285
255 289
255 335
255 440
255 501
257 44
257 193
257 265
257 272
257 277
257 283
257 285
257 335
257 440
257 502
259 44
259 183
259 193
259 272
259 284
259 287
259 334
259 440
259 502
261 6
261 39
261 182
261 190
261 193
261 273
261 288
261 334
261 439
261 502
263 38
263 181
263 193
263 269
263 273
263 334
263 439
263 502
265 10
265 35
265 180
265 186
265 192
265 273
265 279
265 334
265 439
265 502
267 36
267 180
267 191
267 278
267 334
267 439
267 503
269 11
269 30
269 35
269 42
269 179
269 184
269 334
269 439
269 503
271 13
271 29
271 33
271 43
271 179
271 334
271 439
271 505
273 26
273 28
273 34
273 179
273 334
273 439
273 506
275 12
275 25
275 34
275 41
275 179
275 334
275 439
275 456
275 508
277 12
277 22
277 24
277 32
277 178
277 228
277 333
277 439
277 509
279 17
279 21
279 26
279 31
279 178
279 266
279 280
279 333
279 438
279 509
281 24
281 178
281 332
281 438
281 509
283 178
283 332
283 437
283 510
285 178
285 331
285 437
285 510
287 178
287 331
287 437
287 510
289 178
289 265
289 331
289 436
289 510
291 177
291 266
291 331
291 436
291 457
293 176
293 266
293 272
293 331
293 435
295 175
295 267
295 271
295 273
295 331
295 435
297 174
297 176
297 268
297 273
297 331
297 364
297 435
297 457
299 176
299 331
299 365
299 434
301 177
301 269
301 331
301 435
303 177
303 264
303 271
303 331
303 435
305 177
305 264
305 334
305 364
305 435
307 177
307 339
307 435
309 176
309 267
309 334
309 339
309 435
311 40
311 176
311 331
311 335
311 339
311 343
311 435
313 176
313 335
313 338
313 343
313 362
313 436
315 176
315 228
315 336
315 338
315 342
315 348
315 436
317 175
317 326
317 337
317 436
319 175
319 326
319 338
319 341
319 343
319 436
321 174
321 326
321 341
321 343
321 436
323 173
323 340
323 343
323 356
323 437
325 173
325 342
325 344
325 347
325 437
327 173
327 269
327 337
327 345
327 347
327 356
327 437
329 169
329 347
329 350
329 353
329 437
331 121
331 167
331 267
331 348
331 352
331 355
331 437
333 167
333 355
333 437
335 122
335 166
335 179
335 437
337 165
337 437
339 117
339 164
339 437
341 163
341 437
343 161
343 436
345 160
345 436
347 160
347 434
349 120
349 160
349 433
351 159
351 432
353 158
353 431
355 158
355 431
357 157
357 191
357 430
359 156
359 191
359 429
359 461
361 156
361 429
361 461
363 155
363 194
363 427
365 154
365 195
365 424
367 153
367 195
367 423
369 153
369 195
369 421
371 152
371 196
371 420
373 151
373 197
373 419
375 150
375 197
375 417
377 150
377 197
377 416
379 149
379 189
379 198
379 259
379 415
381 146
381 188
381 198
381 414
383 146
383 188
383 198
383 258
383 413
385 145
385 198
385 258
385 413
387 144
387 188
387 199
387 412
389 143
389 199
389 413
391 143
391 199
391 255
391 412
393 142
393 199
393 411
395 141
395 199
395 411
397 141
397 199
397 410
399 140
399 199
399 335
399 409
401 199
401 335
401 408
403 138
403 201
403 335
403 408
405 138
405 141
405 200
405 335
405 408
407 137
407 141
407 200
407 409
409 141
409 200
409 408
411 135
411 141
411 200
411 408
413 134
413 142
413 199
413 349
413 352
413 408
415 133
415 141
415 191
415 200
415 345
415 348
415 407
417 132
417 141
417 200
417 344
417 350
417 406
419 132
419 142
419 201
419 345
419 352
419 405
421 129
421 134
421 142
421 190
421 346
421 352
421 405
423 129
423 142
423 186
423 201
423 254
423 346
423 405
423 410
425 128
425 134
425 142
425 201
425 347
425 404
425 411
427 128
427 142
427 163
427 202
427 347
427 404
427 411
429 127
429 143
429 202
429 348
429 403
429 412
431 127
431 135
431 143
431 202
431 349
431 403
431 413
433 126
433 143
433 202
433 350
433 402
433 413
435 125
435 144
435 202
435 350
435 356
435 401
435 413
437 125
437 144
437 201
437 352
437 359
437 401
437 408
437 413
437 506
439 124
439 144
439 201
439 353
439 359
439 400
439 407
439 413
441 123
441 144
441 201
441 356
441 393
441 396
441 400
441 414
443 123
443 144
443 202
443 358
443 389
443 398
443 400
443 414
445 122
445 144
445 201
445 247
445 387
445 401
445 404
445 415
447 122
447 144
447 201
447 360
447 364
447 386
447 402
447 415
449 120
449 130
449 144
449 360
449 385
449 400
449 415
451 119
451 130
451 143
451 202
451 384
451 415
451 454
453 119
453 143
453 201
453 243
453 383
453 416
453 454
455 119
455 143
455 201
455 242
455 244
455 382
455 399
455 416
457 118
457 143
457 201
457 244
457 381
457 397
457 399
457 416
459 117
459 143
459 201
459 243
459 381
459 396
459 416
461 117
461 143
461 201
461 204
461 236
461 242
461 379
461 396
461 416
463 117
463 143
463 187
463 200
463 202
463 204
463 242
463 379
463 397
463 416
465 116
465 143
465 188
465 202
465 243
465 375
465 380
465 416
467 117
467 143
467 200
467 374
467 380
467 417
469 117
469 143
469 205
469 207
469 373
469 381
469 417
471 117
471 143
471 198
471 205
471 370
471 381
471 417
473 98
473 117
473 197
473 205
473 283
473 369
473 381
473 417
475 98
475 117
475 143
475 195
475 282
475 366
475 368
475 381
475 398
475 417
477 97
477 117
477 143
477 194
477 206
477 208
477 286
477 289
477 366
477 381
477 417
479 117
479 143
479 192
479 206
479 208
479 216
479 286
479 364
479 381
479 417
481 116
481 142
481 193
481 208
481 217
481 220
481 286
481 363
481 374
481 381
481 417
483 116
483 140
483 142
483 191
483 195
483 205
483 209
483 215
483 283
483 363
483 381
483 398
483 417
485 116
485 139
485 141
485 190
485 210
485 217
485 283
485 292
485 361
485 366
485 381
485 400
485 418
487 116
487 139
487 141
487 205
487 212
487 287
487 360
487 367
487 382
487 417
489 84
489 116
489 139
489 283
489 286
489 290
489 361
489 367
489 382
489 417
491 83
491 88
491 116
491 137
491 140
491 209
491 288
491 296
491 362
491 367
491 417
493 32
493 88
493 115
493 137
493 140
493 289
493 296
493 359
493 369
493 381
493 417
495 30
495 82
495 115
495 137
495 141
495 296
495 357
495 369
495 381
495 398
495 417
497 31
497 82
497 116
497 137
497 141
497 336
497 357
497 369
497 382
497 417
499 32
499 82
499 116
499 137
499 334
499 382
499 398
499 417
501 82
501 115
501 137
501 198
501 311
501 333
501 382
501 417
503 81
503 115
503 119
503 137
503 311
503 314
503 333
503 382
503 418
505 81
505 114
505 136
505 139
505 314
505 332
505 382
505 418
507 81
507 113
507 135
507 140
507 331
507 382
507 418
509 81
509 113
509 135
509 330
509 381
509 418
511 81
511 113
511 131
511 136
511 142
511 329
511 381
511 418
513 80
513 112
513 132
513 141
513 329
513 381
513 419
515 80
515 111
515 132
515 134
515 141
515 328
515 381
515 419
517 80
517 111
517 114
517 132
517 134
517 142
517 327
517 381
517 419
517 458
519 80
519 110
519 132
519 138
519 142
519 327
519 381
519 420
521 80
521 110
521 132
521 138
521 142
521 305
521 326
521 381
521 420
523 79
523 111
523 131
523 142
523 305
523 326
523 381
523 420
525 79
525 109
525 112
525 131
525 142
525 307
525 326
525 381
525 420
527 79
527 108
527 114
527 119
527 130
527 142
527 326
527 420
529 78
529 107
529 115
529 131
529 141
529 326
529 382
529 420
531 78
531 107
531 114
531 116
531 130
531 140
531 326
531 382
531 421
533 78
533 107
533 114
533 130
533 142
533 189
533 326
533 382
533 421
535 78
535 107
535 111
535 113
535 130
535 142
535 326
535 382
535 421
537 78
537 107
537 111
537 129
537 139
537 142
537 282
537 288
537 325
537 381
537 421
539 77
539 107
539 113
539 129
539 138
539 141
539 275
539 325
539 381
539 421
541 77
541 109
541 111
541 129
541 138
541 140
541 143
541 284
541 325
541 381
541 421
543 76
543 85
543 112
543 129
543 138
543 143
543 269
543 283
543 325
543 380
543 422
545 77
545 86
545 111
545 128
545 137
545 142
545 268
545 283
545 324
545 380
545 422
547 76
547 128
547 138
547 142
547 268
547 284
547 324
547 340
547 380
547 422
549 76
549 128
549 141
549 284
549 324
549 340
549 380
549 422
551 21
551 77
551 127
551 138
551 141
551 268
551 324
551 380
551 422
553 77
553 79
553 89
553 127
553 138
553 140
553 143
553 268
553 274
553 323
553 341
553 380
553 422
555 128
555 142
555 273
555 323
555 380
555 422
557 85
557 129
557 136
557 140
557 262
557 270
557 272
557 274
557 323
557 380
557 423
559 79
559 85
559 129
559 136
559 140
559 261
559 270
559 273
559 275
559 322
559 340
559 379
559 424
559 470
561 88
561 129
561 141
561 260
561 274
561 322
561 380
561 424
563 44
563 74
563 85
563 88
563 129
563 139
563 259
563 270
563 321
563 379
563 425
563 471
565 73
565 87
565 128
565 138
565 259
565 269
565 321
565 379
565 425
565 471
567 45
567 86
567 128
567 139
567 258
567 271
567 321
567 342
567 379
567 425
567 471
569 44
569 80
569 83
569 87
569 128
569 133
569 137
569 139
569 257
569 321
569 379
569 426
569 458
569 472
570 21
571 2
571 44
571 80
571 86
571 128
571 137
571 142
571 257
571 321
571 379
571 426
571 458
571 472
572 20
573 2
573 79
573 83
573 86
573 129
573 137
573 141
573 143
573 256
573 321
573 378
573 426
573 472
574 22
575 2
575 79
575 82
575 89
575 129
575 136
575 138
575 145
575 255
575 321
575 378
575 427
575 459
575 473
576 14
576 22
577 75
577 79
577 83
577 88
577 128
577 131
577 137
577 139
577 144
577 255
577 320
577 378
577 427
577 459
578 14
578 21
579 84
579 131
579 138
579 253
579 320
579 378
579 428
579 460
581 76
581 81
581 131
581 137
581 141
581 253
581 320
581 378
581 428
581 460
583 74
583 76
583 85
583 133
583 138
583 141
583 252
583 320
583 378
583 426
583 429
583 461
584 17
585 76
585 79
585 133
585 135
585 138
585 140
585 251
585 320
585 379
585 429
586 19
587 76
587 87
587 132
587 135
587 138
587 142
587 144
587 251
587 320
587 379
587 430
587 459
589 73
589 75
589 138
589 146
589 251
589 320
589 379
589 430
589 460
591 73
591 137
591 147
591 251
591 320
591 378
591 430
591 460
592 14
592 16
592 65
593 71
593 73
593 133
593 138
593 141
593 251
593 319
593 378
593 430
593 461
594 12
594 64
595 70
595 72
595 138
595 141
595 144
595 252
595 319
595 378
595 431
595 460
596 13
596 63
597 70
597 73
597 138
597 142
597 146
597 245
597 251
597 319
597 378
597 432
597 460
598 12
598 63
599 138
599 142
599 147
599 150
599 244
599 251
599 318
599 378
599 425
599 432
599 460
600 8
600 11
600 13
600 62
601 73
601 80
601 136
601 138
601 142
601 147
601 150
601 243
601 251
601 318
601 378
601 424
601 433
601 459
602 11
602 14
602 62
603 138
603 140
603 147
603 242
603 251
603 319
603 378
603 424
603 427
603 433
603 458
604 7
604 14
604 61
605 138
605 151
605 240
605 251
605 319
605 377
605 424
605 427
605 434
605 457
606 5
606 7
606 9
606 14
606 61
606 80
607 139
607 144
607 149
607 239
607 246
607 251
607 320
607 377
607 424
607 427
607 434
608 9
608 13
608 15
608 60
608 79
609 136
609 139
609 239
609 251
609 319
609 377
609 424
609 427
609 434
610 9
610 15
610 60
610 79
611 136
611 139
611 238
611 251
611 318
611 377
611 424
611 434
611 466
612 8
612 15
612 60
612 79
613 135
613 147
613 156
613 238
613 251
613 318
613 322
613 376
613 435
613 465
614 8
614 14
614 60
614 78
615 137
615 155
615 238
615 251
615 318
615 376
615 403
615 422
615 425
615 435
616 8
616 14
616 60
616 77
617 139
617 142
617 155
617 162
617 237
617 251
617 313
617 317
617 322
617 376
617 403
617 422
617 435
617 466
618 8
618 14
618 60
618 76
619 137
619 140
619 158
619 237
619 251
619 310
619 316
619 323
619 328
619 376
619 422
619 436
620 10
620 14
620 56
620 59
620 76
621 137
621 141
621 164
621 237
621 250
621 310
621 315
621 321
621 376
621 421
621 426
621 435
622 10
622 57
622 59
622 75
623 138
623 140
623 158
623 165
623 237
623 250
623 310
623 315
623 321
623 376
623 421
623 426
623 436
623 465
624 9
624 57
625 141
625 159
625 161
625 167
625 237
625 250
625 264
625 308
625 311
625 315
625 324
625 326
625 333
625 376
625 421
625 436
626 9
626 57
626 70
627 141
627 155
627 160
627 167
627 238
627 249
627 305
627 307
627 315
627 326
627 330
627 333
627 419
627 421
627 436
628 9
628 57
628 69
629 157
629 160
629 168
629 225
629 236
629 238
629 249
629 305
629 315
629 327
629 330
629 333
629 375
629 418
629 436
630 10
630 57
631 135
631 140
631 165
631 168
631 170
631 224
631 234
631 236
631 239
631 249
631 305
631 315
631 327
631 331
631 333
631 375
631 419
631 436
632 1
632 11
632 57
633 141
633 158
633 163
633 168
633 171
633 174
633 223
633 233
633 236
633 249
633 305
633 313
633 332
633 375
633 419
633 435
633 468
634 10
634 56
635 141
635 165
635 169
635 171
635 221
635 223
635 232
635 249
635 304
635 313
635 333
635 338
635 375
635 418
635 421
635 435
635 463
635 469
636 4
636 11
636 56
637 141
637 155
637 159
637 163
637 219
637 233
637 249
637 303
637 329
637 332
637 375
637 418
637 434
637 442
637 469
638 10
638 56
638 64
639 141
639 155
639 158
639 163
639 219
639 233
639 248
639 263
639 303
639 307
639 315
639 328
639 332
639 335
639 374
639 419
639 434
639 442
640 10
640 57
641 122
641 141
641 153
641 157
641 162
641 214
641 220
641 247
641 264
641 302
641 308
641 315
641 328
641 332
641 374
641 422
641 434
641 470
642 10
642 57
643 124
643 127
643 141
643 156
643 161
643 214
643 247
643 264
643 302
643 312
643 373
643 409
643 422
643 435
643 439
643 470
643 472
644 10
644 58
645 123
645 127
645 153
645 155
645 161
645 214
645 247
645 264
645 301
645 307
645 313
645 326
645 329
645 335
645 373
645 408
645 422
645 436
645 470
646 10
646 58
647 123
647 125
647 130
647 142
647 152
647 155
647 211
647 214
647 219
647 247
647 264
647 300
647 305
647 308
647 314
647 327
647 330
647 336
647 373
647 436
647 440
647 459
647 470
648 10
648 58
649 126
649 142
649 155
649 210
649 246
649 263
649 300
649 314
649 373
649 402
649 405
649 421
649 439
649 471
650 9
650 58
651 126
651 142
651 161
651 211
651 247
651 299
651 314
651 327
651 373
651 393
651 395
651 404
651 439
651 472
652 9
652 58
653 107
653 126
653 142
653 210
653 215
653 247
653 299
653 306
653 314
653 373
653 392
653 404
653 438
654 9
654 58
655 107
655 127
655 129
655 142
655 210
655 248
655 299
655 314
655 373
655 398
655 405
655 437
655 462
656 9
656 58
657 107
657 109
657 129
657 142
657 155
657 210
657 248
657 298
657 307
657 312
657 314
657 333
657 373
657 398
657 406
657 437
657 463
658 9
658 57
659 108
659 144
659 161
659 210
659 248
659 298
659 308
659 312
659 314
659 374
659 398
659 407
659 422
659 436
659 464
659 485
660 9
660 57
661 106
661 108
661 142
661 157
661 209
661 248
661 298
661 305
661 312
661 314
661 333
661 374
661 397
661 408
661 421
661 436
661 466
661 485
662 8
662 57
663 108
663 142
663 206
663 208
663 247
663 299
663 313
663 330
663 374
663 436
663 465
664 8
664 57
665 142
665 206
665 248
665 299
665 309
665 311
665 313
665 374
665 437
665 463
666 8
666 56
667 141
667 206
667 248
667 311
667 315
667 374
667 418
667 438
667 459
668 8
668 56
669 111
669 142
669 190
669 206
669 210
669 248
669 299
669 314
669 373
669 418
669 438
669 460
670 8
670 56
670 163
671 189
671 206
671 248
671 302
671 312
671 373
671 418
671 438
671 454
671 460
672 8
672 56
672 163
673 141
673 190
673 206
673 248
673 302
673 312
673 374
673 439
673 455
673 459
673 465
674 8
674 56
674 163
675 141
675 188
675 190
675 206
675 248
675 302
675 309
675 315
675 327
675 373
675 436
675 438
675 457
675 459
675 466
676 8
676 56
676 163
677 140
677 207
677 248
677 290
677 297
677 315
677 321
677 373
677 434
677 457
677 459
677 464
678 8
678 56
678 163
679 141
679 188
679 205
679 248
679 296
679 313
679 373
679 413
679 434
679 457
679 461
680 8
680 56
680 162
681 141
681 205
681 208
681 247
681 313
681 316
681 373
681 410
681 415
681 435
681 457
681 461
682 8
682 56
682 161
683 139
683 205
683 208
683 248
683 296
683 313
683 317
683 328
683 373
683 409
683 416
683 435
683 450
683 458
683 460
684 7
684 56
684 161
685 129
685 139
685 143
685 186
685 203
685 206
685 247
685 295
685 313
685 318
685 330
685 409
685 434
685 451
685 458
685 468
686 7
686 56
686 161
687 127
687 138
687 202
687 205
687 246
687 295
687 315
687 318
687 323
687 373
687 399
687 406
687 409
687 435
687 439
687 450
687 454
687 468
688 7
688 56
688 161
689 126
689 134
689 137
689 202
689 204
689 206
689 211
689 246
689 263
689 296
689 300
689 315
689 319
689 373
689 399
689 434
689 449
689 454
689 462
689 467
689 469
690 6
690 56
690 160
691 135
691 194
691 204
691 206
691 211
691 246
691 295
691 316
691 373
691 400
691 405
691 435
691 462
691 466
692 6
692 56
692 160
692 167
692 170
693 127
693 130
693 185
693 194
693 207
693 246
693 301
693 318
693 374
693 400
693 404
693 435
693 464
694 4
694 55
694 159
694 164
694 169
695 186
695 190
695 207
695 246
695 296
695 317
695 321
695 374
695 400
695 404
695 437
695 465
696 3
696 55
696 160
696 165
697 185
697 187
697 206
697 245
697 296
697 316
697 325
697 330
697 374
697 413
697 438
697 456
697 467
698 1
698 3
698 55
698 159
698 165
699 185
699 187
699 201
699 206
699 245
699 296
699 316
699 320
699 323
699 326
699 374
699 413
699 437
699 456
700 3
700 54
700 128
700 160
700 165
701 187
701 191
701 205
701 245
701 296
701 323
701 327
701 329
701 374
701 405
701 412
701 435
701 456
702 3
702 54
702 160
702 163
703 185
703 192
703 203
703 245
703 295
703 315
703 319
703 330
703 373
703 404
703 412
703 416
703 433
703 455
703 476
704 2
704 54
704 160
705 184
705 245
705 295
705 315
705 373
705 389
705 412
705 416
705 432
705 439
705 453
705 458
706 2
706 53
706 161
707 181
707 186
707 245
707 295
707 315
707 328
707 372
707 389
707 404
707 419
707 433
707 439
707 450
707 454
707 459
708 1
708 53
708 161
709 186
709 201
709 244
709 296
709 316
709 327
709 372
709 417
709 432
709 439
709 454
710 52
710 162
711 47
711 184
711 188
711 244
711 296
711 371
711 416
711 431
711 439
711 455
712 51
712 161
713 47
713 188
713 201
713 244
713 316
713 371
713 430
713 439
713 455
714 51
714 161
715 46
715 183
715 186
715 190
715 193
715 244
715 295
715 316
715 329
715 370
715 430
715 434
715 439
715 457
716 161
717 45
717 195
717 243
717 260
717 295
717 316
717 369
717 405
717 429
717 434
717 439
717 444
718 160
719 44
719 188
719 195
719 242
719 244
719 294
719 322
719 329
719 369
719 404
719 428
719 434
719 444
720 160
721 44
721 188
721 195
721 242
721 244
721 295
721 304
721 322
721 366
721 369
721 404
721 429
721 434
721 444
722 160
723 43
723 189
723 191
723 244
723 294
723 306
723 310
723 322
723 366
723 368
723 403
723 432
723 435
723 444
724 159
725 43
725 196
725 256
725 294
725 306
725 310
725 322
725 366
725 402
725 434
725 436
725 456
726 159
727 34
727 42
727 258
727 294
727 306
727 322
727 362
727 366
727 402
727 433
727 436
727 445
727 456
728 159
729 34
729 42
729 242
729 246
729 257
729 293
729 295
729 307
729 361
729 366
729 405
729 433
729 437
729 446
730 159
731 34
731 42
731 199
731 239
731 242
731 245
731 257
731 294
731 304
731 308
731 361
731 405
731 432
731 438
731 447
731 453
732 159
733 38
733 42
733 45
733 238
733 242
733 293
733 360
733 438
733 447
734 158
735 37
735 41
735 45
735 238
735 293
735 360
735 406
735 431
735 439
735 448
736 158
736 196
737 37
737 41
737 238
737 241
737 292
737 359
737 407
737 440
737 449
737 451
738 158
738 196
739 36
739 40
739 234
739 236
739 238
739 240
739 292
739 295
739 303
739 359
739 372
739 398
739 409
739 452
740 158
740 193
740 195
741 40
741 237
741 242
741 302
741 358
741 361
741 372
741 398
741 401
741 436
742 158
742 189
742 193
742 292
743 39
743 237
743 243
743 355
743 358
743 372
743 398
743 436
744 158
744 189
744 193
744 292
745 39
745 237
745 243
745 248
745 355
745 358
745 369
745 441
746 158
746 190
746 192
746 293
747 39
747 236
747 246
747 355
747 358
747 360
747 375
747 437
748 158
748 182
748 190
748 240
748 293
749 39
749 42
749 235
749 355
749 357
749 361
749 375
750 158
750 183
750 190
750 241
750 293
751 39
751 354
751 359
751 403
752 158
752 185
752 190
752 241
752 294
753 40
753 353
753 359
753 361
753 372
753 403
754 158
754 185
754 190
754 241
754 294
755 39
755 353
755 361
755 374
755 402
756 20
756 158
756 185
756 190
756 241
756 294
757 39
757 353
757 358
757 360
757 375
757 400
757 402
758 21
758 158
758 186
758 190
758 241
758 294
759 39
759 352
759 357
759 375
759 383
759 402
760 21
760 158
760 189
760 242
760 294
761 39
761 352
761 358
761 363
761 366
761 373
761 375
761 396
761 403
762 21
762 159
762 182
762 189
762 242
762 294
763 38
763 351
763 358
763 364
763 367
763 375
763 395
764 22
764 159
764 181
764 189
764 242
764 293
764 339
765 38
765 66
765 352
765 364
765 368
765 374
766 22
766 160
766 181
766 188
766 242
766 293
766 339
767 37
767 64
767 66
767 142
767 352
767 373
768 14
768 22
768 160
768 182
768 188
768 242
768 293
768 339
769 37
769 64
769 142
769 352
769 360
769 373
769 375
769 389
769 449
770 21
770 161
770 182
770 188
770 242
770 294
770 338
771 37
771 63
771 133
771 142
771 352
771 371
771 448
772 1
772 161
772 187
772 242
772 294
772 338
773 36
773 134
773 141
773 352
773 360
773 366
773 371
773 375
773 448
774 1
774 10
774 162
774 183
774 187
774 242
774 293
774 312
774 338
775 36
775 141
775 352
775 366
775 371
775 375
775 390
776 1
776 162
776 177
776 179
776 181
776 186
776 242
776 293
776 337
777 36
777 134
777 141
777 351
777 362
777 365
777 372
777 389
778 2
778 163
778 172
778 178
778 186
778 242
778 293
778 336
779 36
779 129
779 141
779 351
779 363
779 372
779 389
780 4
780 164
780 178
780 185
780 213
780 242
780 293
780 313
780 336
781 24
781 36
781 141
781 359
781 381
781 385
782 4
782 164
782 179
782 185
782 242
782 293
782 337
783 36
783 141
783 363
783 385
784 5
784 165
784 170
784 179
784 184
784 241
784 292
784 337
785 19
785 28
785 38
785 141
785 376
785 380
786 4
786 171
786 184
786 242
786 292
786 337
787 20
787 38
787 371
787 376
787 381
788 4
788 178
788 242
788 293
788 325
788 337
789 20
789 23
789 38
789 142
789 371
789 377
790 4
790 176
790 242
790 293
790 337
791 20
791 23
791 39
791 142
791 371
792 4
792 175
792 177
792 242
792 293
792 337
793 19
793 22
793 39
793 142
793 378
794 4
794 176
794 242
794 294
794 337
795 20
795 39
795 88
795 142
796 4
796 174
796 177
796 243
796 295
796 299
796 337
797 20
797 39
797 87
797 89
797 142
798 4
798 173
798 244
798 297
798 315
798 337
799 20
799 39
799 88
799 142
800 4
800 172
800 244
800 297
800 337
801 20
801 39
801 87
801 143
802 3
802 171
802 179
802 245
802 298
802 336
803 20
803 35
803 38
803 143
804 3
804 171
804 179
804 246
804 298
804 336
805 20
805 34
805 38
805 143
806 3
806 172
806 178
806 213
806 247
806 298
806 315
806 336
807 20
807 33
807 37
807 144
808 3
808 172
808 213
808 247
808 298
808 336
809 21
809 33
809 37
809 144
810 3
810 173
810 211
810 247
810 298
810 337
811 21
811 25
811 32
811 144
812 3
812 173
812 247
812 299
812 337
813 22
813 31
813 144
814 3
814 174
814 247
814 299
814 334
814 336
815 22
815 25
815 30
815 144
816 3
816 174
816 247
816 266
816 299
816 333
816 336
817 23
817 31
817 144
817 158
817 475
818 3
818 174
818 247
818 300
818 332
819 23
819 28
819 30
819 144
819 158
819 466
820 3
820 174
820 247
820 301
820 332
821 24
821 27
821 145
821 466
822 3
822 174
822 247
822 301
822 315
822 331
823 145
823 466
824 3
824 174
824 248
824 302
824 331
825 27
825 145
825 466
826 2
826 174
826 249
826 303
826 330
827 26
827 145
827 466
828 2
828 174
828 250
828 304
828 331
829 25
829 146
829 466
830 174
830 250
830 304
830 329
830 331
831 24
831 146
831 167
831 467
832 174
832 251
832 306
832 317
833 24
833 146
833 154
833 167
833 467
834 174
834 251
834 307
834 329
835 24
835 147
835 153
835 166
835 467
836 174
836 251
836 307
836 328
837 24
837 148
837 166
837 407
837 468
838 174
838 251
838 309
838 327
839 24
839 75
839 148
839 153
839 166
839 407
839 470
840 174
840 251
840 310
840 326
841 24
841 76
841 149
841 153
841 165
841 407
842 3
842 175
842 251
842 310
842 326
843 24
843 76
843 149
843 153
843 407
844 3
844 175
844 252
844 310
844 325
845 23
845 74
845 150
845 152
845 164
845 407
846 5
846 175
846 251
846 311
846 324
847 23
847 122
847 150
847 164
847 407
848 5
848 175
848 252
848 312
848 323
849 21
849 151
849 163
849 407
850 7
850 175
850 252
850 314
850 322
851 21
851 151
851 162
851 407
852 7
852 175
852 251
852 315
852 321
853 21
853 152
853 156
853 161
853 407
854 175
854 251
854 315
854 320
855 21
855 152
855 161
855 407
856 175
856 252
856 316
856 320
857 21
857 153
857 160
857 407
858 175
858 252
858 319
859 20
859 154
859 160
859 407
860 175
860 252
860 318
861 20
861 154
861 159
861 407
861 467
862 176
862 252
862 318
863 19
863 155
863 158
863 408
863 468
864 177
864 253
864 318
865 19
865 155
865 158
866 177
866 253
866 318
867 19
867 62
867 156
867 466
867 474
868 177
868 254
868 317
869 19
869 61
869 156
869 466
869 474
870 177
870 180
870 254
870 317
871 18
871 156
871 466
871 474
872 179
872 254
872 318
873 18
873 125
873 155
873 475
874 179
874 254
874 318
875 18
875 124
875 155
876 179
876 254
876 318
877 18
877 20
877 123
877 155
878 179
878 254
878 318
879 17
879 21
879 155
879 506
880 180
880 254
880 318
881 21
881 155
882 181
882 254
882 318
883 17
883 21
883 155
883 505
884 182
884 254
884 318
885 18
885 20
885 155
885 503
886 183
886 254
886 318
887 18
887 155
887 503
888 184
888 254
888 318
889 19
889 122
889 155
889 502
890 184
890 207
890 254
890 318
891 19
891 155
891 501
892 185
892 206
892 254
892 318
893 18
893 155
893 500
894 185
894 254
894 319
895 17
895 156
895 499
896 185
896 254
896 318
897 17
897 156
897 476
897 499
898 185
898 253
898 318
899 16
899 157
899 499
900 185
900 253
900 318
901 16
901 115
901 158
901 499
902 186
902 253
902 318
903 16
903 159
903 499
904 186
904 252
904 318
905 15
905 159
905 500
906 186
906 252
906 318
907 14
907 160
907 500
908 187
908 251
908 318
909 13
909 160
909 500
910 187
910 251
910 318
911 12
911 161
911 177
911 501
912 188
912 251
912 317
913 11
913 162
913 178
913 505
914 189
914 251
914 317
915 11
915 163
915 502
915 509
916 189
916 250
916 317
917 11
917 164
917 177
917 501
918 190
918 250
918 317
919 11
919 165
919 502
919 508
920 190
920 250
920 316
921 11
921 166
921 489
921 501
921 509
922 190
922 250
922 315
923 11
923 167
923 490
923 501
923 508
924 190
924 249
924 315
925 10
925 167
925 173
925 490
925 500
926 190
926 249
926 315
927 10
927 168
927 491
927 500
927 506
928 190
928 249
928 314
929 10
929 169
929 173
929 433
929 491
929 498
929 501
929 505
929 508
930 191
930 249
930 314
931 9
931 169
931 173
931 432
931 498
931 501
931 508
931 510
932 191
932 249
932 313
933 9
933 170
933 434
933 498
933 501
933 508
933 510
934 191
934 248
934 266
934 312
935 8
935 170
935 434
935 498
935 507
935 509
936 192
936 248
936 311
937 8
937 171
937 435
937 498
937 507
937 509
938 192
938 247
938 308
939 7
939 171
939 435
939 498
940 192
940 247
940 307
941 7
941 171
941 435
941 498
942 193
942 205
942 247
942 305
943 6
943 171
943 436
943 499
944 193
944 247
944 304
945 7
945 170
945 436
945 438
945 500
946 194
946 247
947 6
947 170
947 502
948 195
948 246
948 303
949 5
949 91
949 99
949 170
949 503
950 195
950 245
950 302
951 5
951 91
951 170
951 504
952 195
952 244
952 301
953 5
953 92
953 170
953 466
953 504
954 195
954 244
954 301
955 5
955 85
955 93
955 98
955 170
955 466
955 505
956 195
956 243
956 300
957 4
957 85
957 92
957 169
957 466
957 505
958 195
958 243
958 300
959 3
959 93
959 169
959 362
959 466
960 201
960 297
960 300
961 2
961 93
961 168
961 466
961 507
962 196
962 201
962 211
962 242
962 299
963 1
963 91
963 97
963 168
963 363
963 467
963 508
964 196
964 201
964 242
964 297
965 92
965 94
965 96
965 167
965 363
965 369
965 467
965 508
966 197
966 200
966 240
966 260
966 296
967 93
967 98
967 167
967 363
967 369
967 467
967 509
968 198
968 202
968 241
968 296
969 92
969 94
969 167
969 220
969 365
969 369
969 509
970 201
970 241
970 293
970 295
971 81
971 92
971 94
971 96
971 167
971 220
971 365
971 369
971 510
972 201
972 294
973 94
973 98
973 167
973 196
973 220
973 365
973 369
973 510
974 202
974 239
974 242
974 292
975 78
975 95
975 166
975 197
975 220
975 369
976 202
976 239
976 291
977 79
977 93
977 95
977 99
977 166
977 219
977 366
978 239
978 290
979 92
979 96
979 98
979 166
979 219
979 367
980 203
980 239
980 290
981 94
981 98
981 166
981 219
981 368
982 238
982 290
983 95
983 97
983 99
983 166
983 206
983 219
983 369
984 238
984 289
985 96
985 98
985 165
985 195
985 206
985 218
985 371
985 430
985 462
986 238
986 288
986 332
987 96
987 100
987 144
987 147
987 165
987 196
987 207
987 218
987 372
987 430
987 463
988 238
988 288
988 331
989 93
989 96
989 98
989 144
989 165
989 197
989 207
989 218
989 373
989 464
990 238
990 287
990 336
991 81
991 93
991 96
991 99
991 143
991 165
991 190
991 196
991 207
991 218
991 464
992 238
992 286
992 337
993 81
993 95
993 98
993 102
993 142
993 165
993 189
993 196
993 207
993 217
993 445
993 465
994 238
994 286
994 334
994 337
995 64
995 97
995 103
995 141
995 164
995 190
995 192
995 195
995 207
995 465
996 238
996 285
996 328
996 334
996 336
997 66
997 97
997 142
997 164
997 190
997 193
997 195
997 207
997 466
998 235
998 237
998 284
998 337
998 341
999 64
999 66
999 70
999 98
999 142
999 164
999 195
999 207
999 467
1000 234
1000 237
1000 283
1000 336
1000 338
1000 341
1001 67
1001 69
1001 71
1001 97
1001 142
1001 164
1001 206
1001 467
1002 234
1002 237
1002 282
1002 329
1002 340
1002 342
1003 71
1003 96
1003 142
1003 164
1003 187
1003 195
1003 206
1003 468
1004 234
1004 236
1004 281
1004 340
1004 342
1005 72
1005 96
1005 142
1005 164
1005 187
1005 196
1005 205
1006 235
1006 281
1006 342
1007 74
1007 82
1007 141
1007 164
1007 196
1007 203
1008 234
1008 280
1008 341
1008 348
1009 75
1009 78
1009 96
1009 141
1009 164
1009 195
1009 202
1010 233
1010 279
1010 342
1010 344
1010 348
1011 1
1011 74
1011 76
1011 83
1011 95
1011 141
1011 164
1011 195
1011 199
1012 233
1012 278
1012 340
1012 344
1012 348
1013 1
1013 74
1013 79
1013 82
1013 96
1013 102
1013 104
1013 141
1013 164
1013 194
1013 198
1014 232
1014 277
1014 322
1014 348
1015 1
1015 74
1015 78
1015 94
1015 96
1015 103
1015 142
1015 164
1015 194
1016 232
1016 277
1016 324
1016 342
1016 344
1016 348
1016 356
1017 1
1017 74
1017 79
1017 96
1017 142
1017 164
1017 194
1018 221
1018 230
1018 277
1018 342
1018 344
1018 348
1019 1
1019 74
1019 80
1019 95
1019 104
1019 142
1019 165
1019 193
1019 445
1020 222
1020 229
1020 276
1020 344
1020 347
1020 358
1021 75
1021 93
1021 95
1021 105
1021 142
1021 165
1021 183
1021 192
1021 447
1022 229
1022 276
1022 345
1022 358
1023 77
1023 91
1023 93
1023 141
1023 165
1023 182
1023 185
1023 191
1023 446
1024 227
1024 275
1024 348
1025 77
1025 93
1025 104
1025 141
1025 166
1025 184
1025 191
1026 227
1026 247
1026 275
1026 345
1026 348
1027 76
1027 91
1027 93
1027 141
1027 166
1027 178
1027 183
1027 190
1027 432
1028 227
1028 246
1028 274
1028 346
1028 348
1029 76
1029 87
1029 141
1029 166
1029 181
1029 184
1029 189
1029 431
1030 227
1030 274
1030 346
1030 348
1030 356
1031 76
1031 85
1031 88
1031 93
1031 105
1031 108
1031 141
1031 167
1031 188
1031 430
1031 503
1032 227
1032 274
1032 347
1032 356
1033 77
1033 84
1033 87
1033 92
1033 105
1033 141
1033 167
1033 182
1033 187
1033 430
1033 502
1033 505
1034 228
1034 273
1034 347
1034 355
1035 77
1035 87
1035 141
1035 167
1035 182
1035 430
1035 502
1036 228
1036 272
1036 342
1036 348
1036 355
1037 77
1037 85
1037 87
1037 91
1037 106
1037 141
1037 151
1037 167
1037 181
1037 431
1037 498
1037 503
1038 228
1038 272
1039 77
1039 87
1039 91
1039 106
1039 141
1039 168
1039 177
1039 179
1039 430
1039 489
1039 498
1040 228
1040 271
1040 347
1041 78
1041 86
1041 102
1041 141
1041 168
1041 185
1041 430
1041 460
1041 488
1041 495
1041 499
1042 228
1042 270
1042 347
1043 79
1043 86
1043 141
1043 168
1043 186
1043 430
1043 460
1043 489
1044 227
1044 269
1044 348
1045 80
1045 82
1045 87
1045 103
1045 140
1045 167
1045 185
1045 492
1046 227
1046 269
1046 350
1047 82
1047 88
1047 140
1047 146
1047 167
1047 185
1047 499
1048 227
1048 268
1048 350
1049 82
1049 87
1049 140
1049 166
1049 184
1049 186
1049 499
1050 226
1050 268
1050 316
1050 345
1050 351
1051 82
1051 87
1051 140
1051 165
1052 227
1052 267
1052 315
1052 317
1053 86
1053 89
1053 140
1053 164
1053 194
1054 227
1054 267
1054 350
1055 90
1055 140
1055 163
1055 196
1056 227
1056 266
1056 315
1056 326
1056 349
1057 86
1057 90
1057 92
1057 140
1057 162
1057 195
1058 227
1058 266
1058 309
1058 349
1059 28
1059 91
1059 139
1059 143
1059 159
1059 194
1060 266
1060 309
1060 313
1060 324
1060 349
1061 28
1061 30
1061 91
1061 107
1061 140
1061 157
1062 227
1062 266
1062 308
1062 312
1062 314
1062 349
1063 26
1063 30
1063 91
1063 140
1063 155
1063 446
1063 494
1064 227
1064 265
1064 311
1064 349
1065 30
1065 90
1065 94
1065 105
1065 140
1065 143
1065 154
1065 445
1066 226
1066 264
1066 308
1066 310
1066 349
1067 29
1067 91
1067 95
1067 104
1067 111
1067 140
1067 153
1067 446
1068 227
1068 263
1068 310
1068 336
1068 348
1069 20
1069 30
1069 91
1069 95
1069 104
1069 139
1069 152
1070 227
1070 240
1070 262
1070 301
1070 307
1070 311
1070 315
1070 345
1070 347
1071 19
1071 27
1071 30
1071 91
1071 95
1071 105
1071 140
1071 151
1072 228
1072 240
1072 261
1072 301
1072 307
1072 309
1072 314
1072 342
1072 345
1073 27
1073 91
1073 95
1073 106
1073 140
1073 150
1074 228
1074 233
1074 240
1074 260
1074 297
1074 302
1074 309
1074 314
1074 341
1074 345
1075 28
1075 91
1075 95
1075 104
1075 106
1075 140
1075 143
1075 150
1076 228
1076 260
1076 294
1076 296
1076 301
1076 303
1076 308
1076 314
1076 341
1076 345
1077 17
1077 28
1077 72
1077 92
1077 96
1077 104
1077 140
1078 230
1078 260
1078 296
1078 306
1078 316
1078 341
1078 345
1079 27
1079 72
1079 92
1079 96
1079 105
1079 146
1079 148
1080 260
1080 290
1080 296
1080 298
1080 300
1080 304
1080 307
1080 310
1080 335
1080 337
1080 341
1081 27
1081 72
1081 93
1081 96
1081 104
1082 260
1082 289
1082 292
1082 296
1082 300
1082 309
1082 335
1082 342
1083 12
1083 27
1083 95
1083 105
1084 260
1084 291
1084 295
1084 301
1084 305
1084 335
1084 342
1085 26
1085 94
1085 98
1085 105
1085 141
1086 232
1086 258
1086 291
1086 296
1086 301
1086 306
1086 311
1086 333
1087 11
1087 25
1087 96
1087 98
1087 104
1087 114
1087 139
1088 232
1088 258
1088 291
1088 299
1088 302
1088 306
1088 332
1089 11
1089 25
1089 96
1089 104
1089 138
1090 232
1090 257
1090 291
1090 301
1090 332
1091 24
1091 99
1091 104
1091 113
1091 137
1092 234
1092 256
1092 284
1092 289
1092 300
1092 332
1093 23
1093 98
1093 104
1093 135
1094 236
1094 255
1094 287
1094 290
1094 300
1094 332
1095 22
1095 99
1095 104
1095 134
1096 237
1096 249
1096 255
1096 287
1096 290
1096 300
1096 306
1096 313
1096 321
1096 327
1096 331
1097 21
1097 99
1097 104
1097 111
1097 133
1098 237
1098 250
1098 290
1098 300
1098 321
1098 327
1098 331
1099 20
1099 100
1099 104
1099 110
1099 131
1100 237
1100 249
1100 254
1100 289
1100 300
1100 320
1100 327
1101 20
1101 100
1101 111
1101 128
1102 238
1102 250
1102 320
1102 327
1103 19
1103 101
1103 103
1103 107
1103 127
1104 250
1104 283
1104 320
1104 327
1105 19
1105 103
1105 125
1106 246
1106 250
1106 283
1106 304
1106 316
1106 320
1107 18
1107 103
1107 113
1107 125
1108 246
1108 250
1108 304
1108 307
1108 313
1108 320
1109 18
1109 104
1109 111
1109 114
1109 124
1110 246
1110 249
1110 281
1110 294
1110 307
1110 317
1110 320
1111 17
1111 57
1111 104
1111 123
1112 247
1112 311
1112 313
1112 316
1112 320
1113 17
1113 113
1113 122
1114 247
1114 308
1114 316
1114 320
1115 16
1115 41
1115 105
1115 120
1116 247
1116 311
1116 315
1117 16
1117 42
1117 106
1117 113
1117 119
1118 248
1118 306
1118 310
1118 312
1118 316
1119 16
1119 39
1119 41
1119 106
1119 119
1119 475
1120 249
1120 306
1120 312
1121 15
1121 40
1121 106
1121 119
1121 475
1122 249
1122 305
1122 311
1123 15
1123 39
1123 105
1123 118
1123 472
1124 250
1124 305
1125 15
1125 39
1125 105
1125 118
1125 472
1126 251
1126 305
1126 310
1127 14
1127 35
1127 40
1127 106
1127 113
1127 117
1128 251
1128 309
1129 4
1129 14
1129 33
1129 35
1129 40
1129 106
1129 112
1129 117
1129 470
1130 251
1130 277
1130 308
1131 13
1131 40
1131 108
1131 113
1131 116
1131 470
1132 252
1132 277
1132 307
1133 12
1133 40
1133 108
1133 112
1134 252
1134 306
1135 12
1135 39
1135 113
1135 469
1135 471
1136 253
1136 300
1136 305
1137 1
1137 11
1137 39
1137 113
1137 434
1137 461
1138 253
1138 304
1139 1
1139 11
1139 30
1139 39
1139 113
1139 461
1140 254
1140 302
1141 4
1141 11
1141 39
1141 113
1141 432
1141 462
1142 254
1142 301
1143 4
1143 10
1143 39
1143 112
1144 255
1144 300
1145 4
1145 6
1145 10
1145 39
1145 111
1145 460
1146 255
1146 299
1147 6
1147 10
1147 38
1147 110
1147 460
1148 256
1148 298
1149 10
1149 38
1149 109
1150 257
1150 297
1151 11
1151 37
1151 108
1151 428
1152 257
1152 297
1153 12
1153 37
1153 108
1153 428
1153 430
1154 257
1154 296
1155 12
1155 37
1155 107
1155 429
1155 509
1156 258
1156 295
1157 12
1157 36
1157 106
1157 430
1158 258
1158 295
1159 13
1159 28
1159 36
1159 106
1159 416
1159 431
1160 259
1161 13
1161 36
1161 105
1161 416
1161 432
1162 259
1162 278
1162 294
1163 14
1163 36
1163 105
1163 443
1164 262
1164 293
1165 17
1165 20
1165 35
1165 105
1165 444
1166 262
1166 292
1167 20
1167 34
1167 104
1167 445
1168 261
1168 292
1169 21
1169 34
1169 103
1170 262
1170 291
1171 22
1171 71
1171 102
1171 480
1171 502
1171 504
1172 262
1172 290
1173 22
1173 101
1173 480
1173 501
1174 262
1174 290
1175 22
1175 101
1175 457
1175 480
1175 500
1176 262
1176 289
1177 23
1177 102
1177 458
1177 463
1177 499
1178 262
1178 288
1179 23
1179 103
1179 462
1179 499
1179 503
1180 262
1180 287
1181 23
1181 25
1181 103
1181 462
1181 499
1182 261
1182 277
1182 287
1183 27
1183 104
1183 493
1183 498
1184 261
1184 286
1185 27
1185 104
1185 493
1185 498
1186 261
1187 28
1187 105
1187 460
1187 497
1188 260
1188 284
1189 29
1189 105
1189 461
1190 260
1190 283
1191 29
1191 105
1191 493
1192 260
1192 283
1193 29
1193 105
1194 260
1194 281
1195 28
1195 106
1196 262
1196 280
1197 27
1197 106
1198 263
1199 26
1199 106
1200 263
1201 25
1201 106
1202 264
1203 25
1203 103
1203 465
1204 264
1205 24
1205 101
1205 464
1206 265
1207 23
1207 463
1208 265
1209 22
1209 99
1209 463
1210 265
1211 21
1211 98
1212 265
1213 21
1213 99
1214 264
1215 20
1215 99
1216 264
1217 20
1218 264
1219 20
1219 100
1220 263
1220 268
1221 19
1221 101
1222 263
1222 268
1223 18
1223 101
1224 263
1224 268
1225 18
1225 101
1226 264
1226 268
1227 17
1227 101
1227 387
1228 264
1229 101
1229 388
1231 13
1231 101
1231 371
1232 265
1233 13
1233 101
1233 371
1234 266
1235 11
1235 101
1235 372
1236 267
1237 8
1237 101
1238 267
1238 269
1239 6
1239 101
1239 181
1239 374
1239 378
1239 381
1239 385
1240 269
1241 5
1241 100
1241 182
1241 186
1241 374
1242 269
1243 3
1243 100
1243 210
1243 374
1243 385
1244 269
1245 2
1245 100
1245 189
1245 208
1245 385
1246 269
1247 1
1247 99
1247 180
1247 189
1247 374
1248 269
1249 98
1249 179
1249 182
1249 188
1249 202
1249 370
1249 374
1249 376
1250 269
1251 97
1251 179
1251 182
1251 184
1251 201
1251 377
1251 382
1252 270
1253 97
1253 180
1253 184
1253 187
1253 201
1253 377
1254 270
1254 510
1255 2
1255 96
1255 172
1255 180
1255 185
1256 270
1256 510
1257 62
1257 96
1257 174
1257 180
1257 185
1257 187
1257 363
1257 376
1257 378
1258 270
1258 509
1259 96
1259 185
1259 188
1259 363
1259 371
1259 376
1259 382
1259 385
1259 501
1260 270
1260 508
1261 1
1261 96
1261 176
1261 183
1261 185
1261 190
1261 192
1261 364
1261 370
1261 375
1262 270
1262 508
1263 96
1263 185
1263 190
1263 375
1264 270
1265 97
1265 186
1265 376
1266 270
1267 97
1267 186
1267 376
1267 388
1268 270
1269 97
1269 172
1269 185
1269 376
1269 382
1269 387
1269 390
1270 270
1271 97
1271 172
1271 184
1271 376
1272 270
1273 97
1273 183
1273 378
1273 385
1273 393
1274 270
1275 97
1275 174
1275 182
1275 378
1275 386
1275 393
1276 271
1277 97
1277 174
1277 181
1277 379
1277 381
1277 386
1278 271
1279 96
1279 175
1279 181
1279 380
1279 386
1280 271
1281 96
1281 174
1281 180
1281 386
1282 271
1283 96
1283 174
1283 179
1283 386
1284 271
1285 95
1285 385
1285 389
1285 480
1286 271
1287 95
1287 166
1287 389
1287 478
1288 271
1289 95
1289 166
1289 389
1289 395
1289 478
1289 480
1290 271
1291 94
1291 166
1291 389
1291 478
1291 480
1292 270
1293 94
1293 123
1293 390
1293 478
1294 270
1295 94
1295 391
1295 478
1296 270
1297 94
1297 123
1297 125
1297 128
1297 393
1297 478
1297 506
1298 270
1299 93
1299 126
1299 128
1299 392
1299 478
1299 492
1299 504
1300 270
1301 93
1301 125
1301 477
1301 492
1301 503
1302 271
1303 93
1303 127
1303 477
1303 503
1304 267
1304 271
1305 92
1305 124
1305 127
1305 477
1306 271
1307 91
1307 124
1307 128
1307 478
1307 496
1308 272
1309 91
1309 124
1309 128
1309 397
1309 479
1309 501
1310 272
1311 90
1311 124
1311 126
1311 504
1312 272
1313 53
1313 89
1314 273
1314 331
1315 89
1315 135
1315 506
1316 269
1316 273
1316 337
1317 88
1317 133
1317 135
1318 269
1319 87
1319 133
1320 269
1321 84
1321 86
1321 133
1321 138
1321 482
1322 269
1322 334
1323 82
1323 84
1323 131
1323 133
1323 412
1323 482
1324 202
1324 269
1324 335
1325 80
1325 133
1325 412
1325 482
1325 484
1326 202
1326 268
1326 335
1326 340
1327 79
1327 134
1327 137
1327 412
1327 483
1328 205
1328 268
1328 335
1328 337
1328 340
1329 78
1329 131
1329 137
1329 411
1329 419
1329 485
1330 206
1330 268
1330 326
1330 336
1330 339
1330 341
1331 34
1331 36
1331 78
1331 131
1331 137
1331 141
1331 411
1331 417
1332 208
1332 268
1332 327
1332 338
1332 341
1332 344
1333 37
1333 78
1333 136
1333 411
1334 207
1334 268
1334 327
1334 340
1334 344
1335 26
1335 37
1335 77
1335 138
1335 412
1336 209
1336 268
1336 335
1336 344
1337 27
1337 37
1337 76
1337 135
1337 138
1337 412
1337 510
1338 210
1338 268
1338 325
1338 336
1338 342
1339 28
1339 37
1339 75
1339 134
1339 139
1339 412
1340 211
1340 267
1340 321
1340 336
1340 343
1341 29
1341 32
1341 36
1341 63
1341 73
1341 134
1341 139
1341 413
1342 212
1342 322
1342 343
1343 16
1343 29
1343 35
1343 62
1343 70
1343 134
1343 139
1343 141
1343 413
1344 267
1344 316
1344 343
1345 16
1345 35
1345 61
1345 69
1345 138
1345 141
1345 414
1346 216
1346 219
1346 268
1346 323
1346 343
1347 16
1347 30
1347 35
1347 60
1347 68
1347 140
1347 414
1347 495
1348 217
1348 268
1348 343
1349 27
1349 35
1349 60
1349 66
1349 140
1349 414
1349 425
1350 218
1350 268
1350 343
1351 25
1351 28
1351 35
1351 40
1351 59
1351 64
1351 136
1351 138
1351 415
1351 419
1351 423
1351 425
1352 219
1352 267
1352 343
1353 24
1353 36
1353 40
1353 58
1353 137
1353 140
1353 143
1353 415
1353 422
1354 219
1354 267
1354 322
1354 343
1355 23
1355 39
1355 137
1355 141
1355 143
1355 146
1355 416
1355 421
1355 423
1356 220
1356 267
1357 25
1357 29
1357 39
1357 137
1357 140
1357 143
1357 416
1357 421
1358 267
1358 321
1358 342
1359 19
1359 38
1359 131
1359 133
1359 138
1359 143
1359 418
1360 227
1360 267
1361 19
1361 37
1361 137
1361 143
1361 419
1361 470
1362 267
1362 342
1363 19
1363 34
1363 134
1363 140
1363 142
1363 144
1363 421
1363 469
1364 266
1364 343
1365 18
1365 28
1365 32
1365 138
1365 144
1365 146
1365 421
1365 429
1365 432
1365 434
1365 469
1366 267
1366 316
1366 342
1367 17
1367 28
1367 138
1367 140
1367 143
1367 146
1367 430
1367 432
1367 468
1368 267
1368 316
1368 342
1369 17
1369 27
1369 132
1369 137
1369 143
1369 422
1369 428
1369 430
1369 468
1370 268
1370 316
1370 320
1371 17
1371 28
1371 132
1371 136
1371 139
1371 145
1371 423
1371 428
1371 468
1372 269
1372 316
1372 341
1373 27
1373 138
1373 140
1373 143
1373 145
1373 423
1373 427
1373 430
1373 467
1374 269
1374 316
1374 340
1375 15
1375 27
1375 137
1375 140
1375 143
1375 425
1375 428
1375 430
1375 441
1375 467
1376 269
1376 340
1377 26
1377 144
1377 426
1377 428
1377 438
1377 467
1378 270
1378 339
1379 26
1379 144
1379 428
1380 271
1380 313
1381 26
1381 141
1381 146
1381 428
1381 467
1382 271
1382 318
1382 338
1383 1
1383 25
1383 141
1383 145
1383 429
1383 467
1384 271
1384 339
1385 1
1385 430
1385 467
1386 271
1386 314
1386 337
1387 2
1387 431
1387 467
1388 271
1388 320
1388 337
1389 2
1389 18
1389 144
1389 433
1390 272
1390 311
1390 319
1390 336
1391 3
1391 18
1391 433
1392 272
1392 311
1392 328
1392 336
1393 3
1393 433
1394 272
1394 334
1395 4
1395 434
1396 272
1396 326
1396 328
1396 333
1397 3
1397 435
1398 272
1398 309
1398 327
1398 333
1399 2
1399 435
1400 272
1400 313
1400 328
1400 332
1401 1
1401 361
1401 435
1402 272
1402 312
1402 328
1402 331
1403 1
1403 361
1403 435
1404 272
1404 312
1404 315
1404 326
1404 330
1405 1
1405 378
1405 435
1406 273
1406 329
1407 1
1407 375
1407 435
1408 272
1408 328
1409 373
1409 375
1409 435
1410 274
1410 326
1411 374
1411 435
1412 275
1412 325
1413 373
1413 434
1414 276
1414 324
1415 373
1415 379
1415 435
1416 277
1416 323
1417 373
1417 434
1418 280
1418 320
1418 322
1419 370
1419 434
1419 448
1419 450
1420 281
1420 312
1420 321
1421 371
1421 434
1422 282
1423 372
1423 381
1423 434
1424 283
1424 320
1425 372
1425 379
1425 381
1425 436
1425 501
1426 284
1426 320
1427 371
1427 380
1427 438
1427 502
1428 284
1428 319
1429 372
1429 380
1429 438
1429 458
1430 284
1430 314
1430 318
1431 373
1431 380
1431 439
1432 284
1432 318
1433 374
1433 439
1433 456
1433 503
1434 286
1434 288
1434 317
1435 375
1435 439
1435 441
1435 460
1436 289
1436 316
1437 376
1437 384
1437 441
1437 459
1437 504
1438 290
1438 311
1439 376
1439 442
1439 446
1439 458
1440 292
1440 311
1441 376
1441 443
1441 463
1441 505
1442 293
1443 377
1443 395
1443 445
1443 457
1443 462
1443 504
1444 295
1445 377
1445 384
1445 395
1445 445
1445 456
1445 461
1445 505
1446 296
1447 75
1447 379
1447 384
1447 401
1447 445
1447 460
1447 505
1448 296
1449 77
1449 326
1449 380
1449 385
1449 388
1449 392
1449 395
1449 445
1449 448
1449 459
1449 469
1449 505
1450 297
1451 380
1451 395
1451 448
1451 458
1451 468
1451 505
1452 137
1452 298
1453 79
1453 380
1453 390
1453 395
1453 448
1454 137
1454 298
1455 79
1455 327
1455 381
1455 389
1455 395
1455 398
1455 448
1455 469
1456 137
1456 299
1457 79
1457 327
1457 382
1457 388
1457 394
1457 449
1457 451
1458 138
1458 300
1459 116
1459 336
1459 383
1459 390
1459 394
1459 398
1459 451
1460 138
1460 208
1460 301
1461 383
1461 394
1461 451
1462 139
1462 209
1462 301
1463 384
1463 390
1463 395
1463 452
1464 139
1464 302
1465 384
1465 453
1466 139
1466 211
1466 215
1466 217
1466 302
1467 64
1467 333
1467 385
1467 453
1468 205
1468 210
1468 303
1469 331
1469 386
1469 394
1469 454
1469 476
1470 140
1470 210
1470 304
1471 331
1471 334
1471 386
1471 394
1471 455
1472 139
1472 206
1472 210
1472 305
1473 1
1473 334
1473 387
1473 455
1474 139
1474 206
1474 208
1474 210
1474 219
1474 306
1475 1
1475 60
1475 334
1475 336
1475 338
1475 387
1475 424
1475 456
1476 139
1476 206
1476 208
1476 219
1476 306
1477 2
1477 334
1477 388
1477 457
1478 139
1478 207
1478 218
1478 223
1478 227
1478 306
1478 308
1479 2
1479 388
1479 457
1480 138
1480 210
1480 218
1480 222
1480 224
1480 227
1480 302
1480 307
1481 3
1481 389
1481 395
1481 397
1481 458
1482 138
1482 208
1482 210
1482 303
1483 3
1483 389
1483 396
1483 459
1484 138
1484 210
1484 219
1484 303
1485 3
1485 389
1485 396
1485 459
1486 138
1486 210
1486 218
1486 231
1487 3
1487 390
1487 397
1487 415
1487 460
1488 137
1488 210
1488 219
1488 237
1489 2
1489 391
1489 398
1489 415
1489 461
1490 137
1490 211
1490 217
1490 219
1490 234
1491 2
1491 39
1491 391
1491 399
1491 461
1492 137
1492 211
1492 219
1493 3
1493 39
1493 391
1493 400
1493 416
1493 418
1493 420
1493 462
1494 137
1494 211
1494 218
1495 4
1495 35
1495 38
1495 392
1495 394
1495 400
1495 417
1495 463
1496 113
1496 136
1496 211
1496 219
1497 4
1497 32
1497 35
1497 394
1497 399
1497 418
1497 427
1497 464
1498 136
1498 212
1498 217
1498 220
1498 238
1499 4
1499 21
1499 31
1499 392
1499 399
1499 418
1499 428
1499 464
1500 136
1500 213
1501 4
1501 22
1501 392
1501 395
1501 418
1501 465
1502 137
1502 216
1503 3
1503 17
1503 392
1503 394
1503 418
1503 426
1503 466
1504 137
1504 215
1505 3
1505 18
1505 337
1505 394
1505 419
1505 428
1505 432
1505 466
1506 137
1506 216
1507 2
1507 26
1507 323
1507 337
1507 395
1507 420
1507 425
1507 430
1507 466
1508 137
1508 216
1509 2
1509 29
1509 420
1509 425
1509 430
1509 466
1510 137
1510 216
1510 242
1511 1
1511 31
1511 323
1511 396
1511 402
1511 420
1511 429
1511 467
1511 479
1512 137
1512 215
1513 1
1513 32
1513 321
1513 323
1513 396
1513 420
1513 429
1513 468
1513 479
1514 138
1514 217
1514 244
1515 33
1515 323
1515 396
1515 421
1515 425
1515 429
1515 438
1515 468
1515 479
1516 137
1516 212
1516 217
1516 244
1516 250
1517 35
1517 324
1517 397
1517 421
1517 426
1517 438
1517 468
1518 137
1518 212
1518 217
1518 250
1519 36
1519 397
1519 402
1519 421
1519 427
1519 429
1519 439
1519 468
1520 137
1520 212
1520 218
1520 246
1520 250
1521 37
1521 397
1521 404
1521 421
1521 427
1521 441
1521 468
1522 137
1522 213
1522 217
1522 250
1522 252
1523 38
1523 397
1523 421
1523 425
1523 438
1523 440
1523 467
1524 136
1524 217
1524 224
1524 232
1524 246
1524 250
1524 255
1525 28
1525 38
1525 398
1525 421
1525 425
1525 429
1525 445
1525 468
1526 136
1526 214
1526 218
1526 255
1526 259
1527 40
1527 398
1527 424
1527 430
1527 445
1527 468
1528 107
1528 111
1528 135
1528 215
1528 218
1528 233
1528 255
1528 258
1528 271
1529 41
1529 398
1529 417
1529 424
1529 468
1530 106
1530 110
1530 135
1530 215
1530 218
1530 232
1530 254
1530 258
1530 271
1531 42
1531 399
1531 417
1531 424
1531 437
1531 445
1531 468
1532 109
1532 135
1532 216
1532 219
1532 233
1532 253
1532 268
1532 272
1533 43
1533 400
1533 417
1533 424
1533 427
1533 445
1533 469
1534 103
1534 135
1534 219
1534 227
1534 233
1534 245
1534 249
1534 253
1534 267
1535 43
1535 417
1535 424
1535 428
1535 469
1536 103
1536 135
1536 218
1536 229
1536 232
1536 246
1536 248
1536 253
1536 267
1537 45
1537 380
1537 418
1537 421
1537 423
1537 427
1537 451
1537 470
1538 102
1538 134
1538 220
1538 231
1538 234
1538 246
1538 253
1539 33
1539 44
1539 380
1539 420
1539 425
1539 451
1539 470
1540 103
1540 135
1540 220
1540 233
1540 239
1540 244
1540 254
1541 32
1541 41
1541 44
1541 379
1541 383
1541 421
1541 425
1541 471
1542 102
1542 134
1542 220
1542 235
1542 238
1542 243
1542 245
1542 254
1542 257
1543 46
1543 353
1543 380
1543 382
1543 403
1543 417
1543 421
1543 426
1543 430
1543 471
1544 102
1544 134
1544 220
1544 226
1544 238
1544 244
1544 255
1544 258
1545 47
1545 381
1545 383
1545 418
1545 421
1545 429
1545 472
1546 103
1546 134
1546 220
1546 238
1546 244
1546 253
1547 49
1547 420
1547 425
1547 429
1547 472
1548 134
1548 220
1548 226
1548 239
1548 242
1548 252
1549 50
1549 367
1549 422
1549 429
1549 453
1549 472
1550 103
1550 134
1550 220
1550 223
1550 242
1550 248
1551 38
1551 49
1551 365
1551 424
1551 429
1551 452
1551 473
1552 103
1552 112
1552 133
1552 223
1552 244
1552 248
1553 50
1553 364
1553 425
1553 430
1553 473
1554 103
1554 133
1554 192
1554 223
1554 245
1555 36
1555 51
1555 364
1555 367
1555 426
1555 431
1555 474
1556 104
1556 133
1556 193
1556 223
1556 232
1556 246
1557 51
1557 364
1557 431
1557 474
1558 104
1558 132
1558 193
1558 223
1558 246
1559 51
1559 53
1559 57
1559 432
1559 475
1560 132
1560 193
1560 223
1560 232
1560 246
1561 48
1561 57
1561 433
1561 477
1561 493
1562 105
1562 132
1562 193
1562 223
1562 225
1562 232
1562 238
1562 246
1563 58
1563 434
1563 477
1564 105
1564 108
1564 116
1564 119
1564 132
1564 193
1564 224
1564 227
1564 233
1564 245
1565 59
1565 436
1565 455
1565 478
1566 119
1566 132
1566 194
1566 198
1566 200
1566 224
1566 233
1566 237
1566 239
1566 244
1567 52
1567 59
1567 310
1567 437
1567 479
1568 115
1568 118
1568 131
1568 195
1568 198
1568 225
1568 233
1568 239
1568 244
1569 58
1569 309
1569 438
1569 479
1570 110
1570 118
1570 121
1570 131
1570 196
1570 225
1570 233
1570 238
1570 243
1571 58
1571 438
1571 480
1572 80
1572 110
1572 121
1572 125
1572 131
1572 173
1572 191
1572 197
1572 225
1572 239
1572 243
1573 31
1573 52
1573 58
1573 310
1573 439
1573 480
1574 79
1574 110
1574 118
1574 124
1574 131
1574 192
1574 197
1574 231
1574 239
1574 242
1575 56
1575 58
1575 60
1575 308
1575 439
1575 481
1576 78
1576 110
1576 131
1576 189
1576 191
1576 232
1576 239
1576 241
1577 56
1577 61
1577 308
1577 439
1577 481
1578 77
1578 114
1578 128
1578 130
1578 189
1578 193
1578 233
1578 240
1579 62
1579 308
1579 440
1579 461
1579 482
1580 76
1580 115
1580 128
1580 191
1580 233
1580 239
1581 68
1581 309
1581 440
1581 482
1582 77
1582 113
1582 115
1582 127
1582 192
1582 232
1582 239
1583 67
1583 309
1583 443
1583 459
1583 482
1584 73
1584 117
1584 127
1584 192
1584 232
1584 239
1585 444
1585 483
1586 67
1586 74
1586 118
1586 126
1586 192
1586 233
1586 239
1587 445
1587 483
1587 493
1588 66
1588 74
1588 118
1588 126
1588 190
1588 233
1588 239
1589 445
1589 483
1589 493
1589 496
1589 505
1590 66
1590 74
1590 117
1590 190
1590 239
1591 446
1591 462
1591 484
1591 496
1591 504
1592 48
1592 66
1592 74
1592 112
1592 117
1592 119
1592 191
1592 238
1593 446
1593 484
1593 496
1594 45
1594 47
1594 66
1594 74
1594 112
1594 118
1594 166
1594 190
1594 193
1594 202
1594 237
1595 447
1595 484
1595 496
1596 45
1596 67
1596 74
1596 111
1596 118
1596 191
1596 193
1596 202
1596 236
1596 238
1596 269
1597 449
1597 485
1597 496
1597 500
1598 46
1598 74
1598 110
1598 117
1598 193
1598 203
1598 239
1598 269
1599 450
1599 452
1599 485
1599 496
1599 500
1600 46
1600 73
1600 110
1600 116
1600 193
1600 203
1600 238
1600 269
1601 438
1601 454
1601 458
1601 486
1601 495
1602 46
1602 54
1602 56
1602 67
1602 73
1602 111
1602 113
1602 193
1602 204
1602 238
1603 437
1603 458
1603 486
1603 496
1603 498
1604 45
1604 53
1604 55
1604 66
1604 73
1604 112
1604 193
1604 204
1604 238
1605 459
1605 464
1605 476
1605 479
1605 486
1606 45
1606 112
1606 193
1606 199
1606 204
1606 238
1607 435
1607 477
1607 487
1608 26
1608 46
1608 67
1608 72
1608 112
1608 193
1608 198
1608 203
1608 238
1609 434
1609 482
1609 487
1609 498
1610 27
1610 46
1610 54
1610 67
1610 72
1610 110
1610 194
1610 198
1610 203
1610 209
1610 238
1611 437
1611 468
1611 471
1611 498
1612 27
1612 47
1612 66
1612 71
1612 109
1612 238
1612 269
1613 427
1613 470
1613 500
1614 16
1614 25
1614 27
1614 47
1614 67
1614 71
1614 108
1614 200
1614 210
1614 238
1614 269
1615 426
1615 469
1615 500
1616 16
1616 25
1616 47
1616 70
1616 108
1616 193
1616 200
1616 208
1616 238
1617 424
1617 468
1617 471
1617 500
1618 15
1618 25
1618 47
1618 68
1618 108
1618 201
1618 208
1618 238
1618 269
1619 501
1620 15
1620 17
1620 47
1620 68
1620 107
1620 201
1620 206
1620 239
1620 269
1621 502
1622 16
1622 18
1622 25
1622 47
1622 65
1622 68
1622 106
1622 201
1622 239
1622 268
1623 503
1624 18
1624 25
1624 47
1624 67
1624 105
1624 202
1624 206
1624 238
1624 268
1625 504
1626 25
1626 47
1626 66
1626 104
1626 202
1626 239
1626 268
1627 409
1627 503
1628 20
1628 25
1628 47
1628 54
1628 65
1628 103
1628 203
1628 210
1628 239
1628 268
1629 408
1629 504
1630 20
1630 47
1630 65
1630 103
1630 203
1630 211
1630 216
1630 240
1630 268
1631 408
1631 505
1632 21
1632 47
1632 64
1632 102
1632 204
1632 210
1632 216
1632 240
1632 268
1633 406
1633 506
1633 509
1634 18
1634 20
1634 63
1634 102
1634 147
1634 204
1634 216
1634 240
1634 267
1635 405
1635 507
1635 510
1636 18
1636 20
1636 62
1636 102
1636 146
1636 148
1636 204
1636 206
1636 240
1636 267
1637 405
1638 17
1638 47
1638 62
1638 101
1638 146
1638 204
1638 240
1639 405
1640 15
1640 17
1640 20
1640 48
1640 62
1640 100
1640 204
1640 239
1641 404
1642 13
1642 48
1642 62
1642 82
1642 99
1642 206
1642 240
1643 405
1644 13
1644 17
1644 49
1644 62
1644 99
1644 158
1644 206
1644 240
1645 405
1646 13
1646 49
1646 61
1646 99
1646 158
1646 206
1646 240
1647 402
1647 405
1648 11
1648 49
1648 61
1648 99
1648 146
1648 206
1648 213
1648 240
1649 402
1649 404
1650 11
1650 13
1650 16
1650 49
1650 61
1650 99
1650 152
1650 206
1650 218
1650 240
1651 403
1651 405
1652 13
1652 49
1652 60
1652 98
1652 151
1652 208
1652 240
1653 404
1654 13
1654 50
1654 59
1654 98
1654 208
1654 240
1655 385
1655 405
1656 13
1656 50
1656 59
1656 98
1656 155
1656 208
1656 240
1657 403
1657 407
1658 13
1658 51
1658 59
1658 99
1658 145
1658 209
1658 240
1660 13
1660 51
1660 58
1660 99
1660 209
1660 240
1662 13
1662 47
1662 58
1662 99
1662 153
1662 209
1662 240
1662 321
1663 378
1663 403
1664 13
1664 57
1664 99
1664 209
1664 240
1665 378
1665 389
1665 404
1666 13
1666 57
1666 99
1666 144
1666 151
1666 210
1666 241
1667 389
1667 404
1668 12
1668 56
1668 100
1668 142
1668 146
1668 210
1668 213
1668 241
1670 11
1670 56
1670 100
1670 211
1670 213
1670 241
1672 9
1672 11
1672 55
1672 100
1672 143
1672 211
1672 213
1672 241
1673 389
1674 11
1674 55
1674 101
1674 212
1674 216
1674 241
1676 10
1676 54
1676 102
1676 144
1676 150
1676 214
1676 216
1676 241
1678 10
1678 54
1678 101
1678 144
1678 150
1678 217
1678 242
1680 2
1680 10
1680 54
1680 101
1680 143
1680 152
1680 154
1680 216
1680 219
1680 221
1680 242
1681 386
1682 9
1682 54
1682 101
1682 142
1682 145
1682 150
1682 152
1682 218
1682 242
1683 386
1684 9
1684 53
1684 101
1684 219
1684 243
1684 395
1685 386
1686 8
1686 53
1686 100
1686 150
1686 219
1686 225
1686 243
1686 394
1688 8
1688 53
1688 100
1688 151
1688 220
1688 244
1688 395
1690 8
1690 52
1690 100
1690 151
1690 220
1690 229
1690 239
1690 245
1690 396
1692 8
1692 52
1692 99
1692 146
1692 221
1692 237
1692 245
1692 320
1692 328
1692 396
1694 8
1694 52
1694 99
1694 149
1694 151
1694 156
1694 223
1694 237
1694 246
1694 321
1694 397
1696 8
1696 51
1696 99
1696 149
1696 151
1696 224
1696 236
1696 247
1696 321
1696 397
1698 8
1698 51
1698 98
1698 149
1698 153
1698 156
1698 225
1698 236
1698 247
1698 322
1698 331
1698 397
1700 51
1700 98
1700 150
1700 154
1700 225
1700 236
1700 247
1700 322
1700 331
1700 397
1702 7
1702 50
1702 97
1702 150
1702 157
1702 226
1702 236
1702 247
1702 322
1702 331
1702 397
1704 7
1704 50
1704 97
1704 145
1704 148
1704 150
1704 154
1704 227
1704 235
1704 247
1704 321
1704 331
1704 398
1706 6
1706 50
1706 97
1706 144
1706 150
1706 228
1706 247
1706 318
1706 332
1706 398
1708 6
1708 49
1708 97
1708 148
1708 152
1708 228
1708 246
1708 318
1708 332
1708 398
1710 5
1710 47
1710 97
1710 150
1710 229
1710 239
1710 241
1710 246
1710 318
1710 323
1710 328
1710 332
1710 398
1712 5
1712 47
1712 97
1712 150
1712 152
1712 230
1712 245
1712 319
1712 328
1712 398
1714 5
1714 48
1714 97
1714 144
1714 148
1714 151
1714 230
1714 245
1714 317
1714 397
1716 5
1716 48
1716 98
1716 147
1716 151
1716 231
1716 236
1716 244
1716 328
1716 396
1718 3
1718 48
1718 95
1718 98
1718 145
1718 147
1718 151
1718 231
1718 237
1718 244
1718 316
1718 318
1718 328
1718 396
1720 4
1720 48
1720 96
1720 144
1720 146
1720 193
1720 232
1720 238
1720 244
1720 318
1720 328
1720 396
1722 3
1722 48
1722 97
1722 147
1722 192
1722 232
1722 238
1722 243
1722 327
1722 396
1724 3
1724 48
1724 96
1724 139
1724 148
1724 153
1724 190
1724 232
1724 238
1724 242
1724 309
1724 326
1724 395
1726 3
1726 48
1726 96
1726 139
1726 143
1726 149
1726 189
1726 242
1726 395
1728 48
1728 95
1728 188
1728 196
1728 242
1728 293
1728 317
1728 319
1728 395
1730 3
1730 48
1730 95
1730 137
1730 143
1730 146
1730 148
1730 183
1730 187
1730 241
1730 293
1730 295
1730 316
1730 319
1730 394
1732 2
1732 49
1732 95
1732 139
1732 148
1732 150
1732 182
1732 239
1732 241
1732 292
1732 315
1732 320
1732 395
1734 2
1734 49
1734 95
1734 138
1734 140
1734 145
1734 181
1734 239
1734 292
1734 320
1734 395
1734 417
1736 2
1736 49
1736 95
1736 140
1736 151
1736 180
1736 182
1736 239
1736 293
1736 319
1736 336
1736 396
1736 417
1738 1
1738 49
1738 95
1738 140
1738 145
1738 153
1738 179
1738 239
1738 292
1738 318
1738 336
1738 397
1738 416
1740 1
1740 50
1740 95
1740 140
1740 145
1740 148
1740 152
1740 179
1740 239
1740 293
1740 318
1740 336
1740 397
1740 416
1742 1
1742 50
1742 95
1742 145
1742 152
1742 179
1742 239
1742 294
1742 316
1742 334
1742 397
1742 416
1744 50
1744 95
1744 146
1744 148
1744 150
1744 153
1744 180
1744 239
1744 288
1744 294
1744 315
1744 335
1744 348
1744 398
1744 415
1746 51
1746 95
1746 146
1746 151
1746 180
1746 238
1746 288
1746 294
1746 315
1746 336
1746 348
1746 399
1746 414
1748 52
1748 95
1748 149
1748 153
1748 180
1748 238
1748 290
1748 294
1748 314
1748 336
1748 340
1748 348
1748 399
1748 414
1750 52
1750 95
1750 147
1750 152
1750 238
1750 290
1750 294
1750 314
1750 336
1750 341
1750 348
1750 399
1750 414
1752 52
1752 95
1752 147
1752 149
1752 151
1752 180
1752 238
1752 290
1752 293
1752 313
1752 335
1752 341
1752 347
1752 401
1752 413
1754 52
1754 95
1754 149
1754 179
1754 238
1754 293
1754 335
1754 342
1754 401
1756 53
1756 91
1756 95
1756 150
1756 153
1756 179
1756 238
1756 292
1756 321
1756 336
1756 341
1756 402
1758 53
1758 90
1758 95
1758 147
1758 150
1758 179
1758 238
1758 292
1758 320
1758 323
1758 336
1758 341
1758 403
1760 54
1760 90
1760 95
1760 147
1760 151
1760 179
1760 238
1760 293
1760 324
1760 331
1760 333
1760 336
1760 341
1760 357
1760 404
1762 54
1762 88
1762 179
1762 238
1762 293
1762 325
1762 327
1762 334
1762 404
1764 54
1764 88
1764 180
1764 238
1764 293
1764 328
1764 405
1766 53
1766 77
1766 88
1766 151
1766 180
1766 239
1766 293
1766 329
1766 405
1768 54
1768 89
1768 150
1768 181
1768 239
1768 293
1768 329
1768 405
1770 54
1770 76
1770 78
1770 89
1770 150
1770 181
1770 239
1770 293
1770 329
1770 405
1772 21
1772 54
1772 73
1772 78
1772 89
1772 181
1772 240
1772 293
1772 329
1772 405
1773 485
1774 20
1774 55
1774 71
1774 74
1774 89
1774 181
1774 240
1774 293
1774 330
1774 406
1776 21
1776 55
1776 70
1776 74
1776 89
1776 150
1776 181
1776 241
1776 293
1776 323
1776 330
1776 407
1778 55
1778 69
1778 75
1778 89
1778 150
1778 181
1778 241
1778 293
1778 317
1778 324
1778 331
1778 407
1779 481
1780 55
1780 75
1780 89
1780 150
1780 181
1780 241
1780 293
1780 331
1780 408
1781 477
1782 75
1782 89
1782 148
1782 181
1782 241
1782 293
1782 329
1782 408
1783 476
1784 56
1784 82
1784 88
1784 181
1784 241
1784 293
1784 329
1784 408
1785 477
1786 56
1786 81
1786 88
1786 182
1786 241
1786 292
1786 329
1786 408
1788 56
1788 85
1788 148
1788 182
1788 241
1788 292
1788 321
1788 330
1788 408
1790 56
1790 83
1790 182
1790 242
1790 292
1790 320
1790 330
1790 408
1792 55
1792 81
1792 182
1792 242
1792 284
1792 292
1792 330
1792 409
1794 55
1794 66
1794 79
1794 182
1794 242
1794 285
1794 292
1794 325
1794 330
1794 411
1796 55
1796 77
1796 183
1796 242
1796 285
1796 292
1796 320
1796 324
1796 329
1796 413
1796 428
1798 19
1798 56
1798 76
1798 183
1798 285
1798 291
1798 328
1798 414
1798 428
1800 23
1800 56
1800 75
1800 182
1800 244
1800 285
1800 291
1800 322
1800 327
1800 415
1800 428
1802 19
1802 57
1802 74
1802 144
1802 182
1802 244
1802 285
1802 291
1802 322
1802 327
1802 415
1804 16
1804 57
1804 74
1804 144
1804 181
1804 245
1804 285
1804 291
1804 321
1804 326
1804 416
1806 21
1806 57
1806 73
1806 181
1806 245
1806 285
1806 290
1806 321
1806 326
1806 417
1808 28
1808 57
1808 73
1808 142
1808 181
1808 244
1808 290
1808 321
1808 418
1808 424
1810 28
1810 58
1810 73
1810 140
1810 180
1810 244
1810 286
1810 290
1810 321
1810 420
1810 424
1812 18
1812 28
1812 30
1812 58
1812 72
1812 141
1812 180
1812 243
1812 286
1812 290
1812 324
1812 426
1814 18
1814 29
1814 31
1814 58
1814 72
1814 140
1814 180
1814 243
1814 290
1814 299
1814 323
1814 426
1816 18
1816 28
1816 58
1816 71
1816 140
1816 142
1816 180
1816 290
1816 300
1816 322
1816 427
1816 448
1818 28
1818 59
1818 69
1818 123
1818 141
1818 180
1818 241
1818 290
1818 300
1818 321
1818 323
1818 427
1818 448
1820 28
1820 30
1820 59
1820 68
1820 138
1820 140
1820 179
1820 240
1820 290
1820 300
1820 321
1820 427
1820 444
1822 13
1822 18
1822 30
1822 59
1822 67
1822 139
1822 179
1822 240
1822 289
1822 300
1822 321
1822 427
1822 443
1824 12
1824 30
1824 60
1824 65
1824 139
1824 179
1824 240
1824 289
1824 300
1824 321
1824 378
1824 428
1825 503
1826 30
1826 60
1826 65
1826 179
1826 240
1826 289
1826 300
1826 320
1826 378
1826 388
1826 390
1826 429
1826 441
1828 19
1828 59
1828 63
1828 137
1828 179
1828 241
1828 290
1828 299
1828 319
1828 378
1828 389
1828 433
1828 458
1829 504
1830 18
1830 62
1830 137
1830 179
1830 241
1830 290
1830 299
1830 311
1830 318
1830 378
1830 390
1830 433
1830 458
1832 20
1832 23
1832 62
1832 137
1832 179
1832 241
1832 290
1832 299
1832 311
1832 318
1832 378
1832 391
1832 432
1832 455
1832 458
1834 61
1834 137
1834 179
1834 241
1834 290
1834 310
1834 316
1834 392
1834 432
1834 454
1836 16
1836 61
1836 137
1836 179
1836 241
1836 290
1836 309
1836 312
1836 315
1836 393
1836 432
1836 441
1836 453
1838 60
1838 136
1838 179
1838 241
1838 290
1838 308
1838 315
1838 394
1838 432
1838 442
1838 452
1840 59
1840 135
1840 178
1840 240
1840 290
1840 312
1840 395
1840 432
1840 443
1840 450
1842 59
1842 134
1842 178
1842 240
1842 290
1842 307
1842 311
1842 397
1842 432
1842 444
1842 448
1842 450
1844 59
1844 134
1844 178
1844 240
1844 291
1844 307
1844 310
1844 432
1844 445
1846 178
1846 240
1846 291
1846 308
1846 310
1846 408
1846 411
1846 432
1846 447
1848 22
1848 58
1848 133
1848 178
1848 240
1848 291
1848 307
1848 411
1848 432
1848 446
1848 448
1850 57
1850 133
1850 177
1850 240
1850 291
1850 307
1850 350
1850 411
1850 432
1850 446
1852 23
1852 56
1852 114
1852 133
1852 177
1852 242
1852 291
1852 305
1852 411
1852 431
1852 446
1854 55
1854 132
1854 176
1854 242
1854 291
1854 304
1854 347
1854 412
1854 431
1854 449
1855 503
1856 55
1856 176
1856 243
1856 291
1856 304
1856 347
1856 412
1856 431
1857 503
1858 55
1858 132
1858 176
1858 244
1858 291
1858 303
1858 347
1858 415
1858 418
1858 431
1860 55
1860 132
1860 176
1860 244
1860 291
1860 302
1860 347
1860 415
1860 418
1860 431
1862 55
1862 132
1862 176
1862 245
1862 291
1862 347
1862 416
1862 431
1864 21
1864 23
1864 55
1864 132
1864 176
1864 246
1864 291
1864 346
1864 417
1864 431
1866 23
1866 55
1866 132
1866 176
1866 246
1866 292
1866 345
1866 417
1866 431
1868 55
1868 132
1868 177
1868 246
1868 292
1868 417
1868 431
1870 55
1870 132
1870 177
1870 246
1870 292
1870 417
1870 432
1872 24
1872 55
1872 132
1872 177
1872 246
1872 293
1872 343
1872 419
1872 432
1874 25
1874 55
1874 132
1874 177
1874 246
1874 292
1874 369
1874 420
1874 432
1876 57
1876 132
1876 177
1876 245
1876 292
1876 366
1876 368
1876 420
1876 423
1876 432
1878 56
1878 132
1878 177
1878 245
1878 291
1878 361
1878 367
1878 432
1880 18
1880 56
1880 132
1880 177
1880 245
1880 291
1880 362
1880 365
1880 432
1881 503
1882 56
1882 131
1882 177
1882 245
1882 290
1882 359
1882 363
1882 432
1884 56
1884 131
1884 178
1884 245
1884 290
1884 345
1884 432
1886 12
1886 24
1886 56
1886 131
1886 178
1886 245
1886 289
1886 345
1886 432
1887 504
1888 23
1888 56
1888 130
1888 178
1888 245
1888 289
1888 345
1888 432
1889 504
1890 20
1890 23
1890 30
1890 56
1890 130
1890 178
1890 245
1890 288
1890 345
1890 432
1892 57
1892 130
1892 179
1892 244
1892 288
1892 431
1894 18
1894 23
1894 57
1894 130
1894 179
1894 245
1894 287
1894 345
1894 431
1896 57
1896 131
1896 180
1896 245
1896 287
1896 345
1896 431
1898 22
1898 32
1898 58
1898 115
1898 131
1898 179
1898 245
1898 285
1898 287
1898 431
1900 20
1900 58
1900 131
1900 180
1900 245
1900 285
1900 287
1900 430
1902 21
1902 58
1902 116
1902 131
1902 180
1902 219
1902 246
1902 284
1902 430
1904 59
1904 131
1904 152
1904 180
1904 219
1904 246
1904 264
1904 284
1904 341
1904 430
1905 505
1906 27
1906 34
1906 59
1906 131
1906 180
1906 246
1906 262
1906 283
1906 430
1908 24
1908 33
1908 59
1908 117
1908 123
1908 131
1908 181
1908 247
1908 283
1908 430
1910 32
1910 58
1910 116
1910 131
1910 181
1910 247
1910 283
1910 430
1911 504
1912 32
1912 58
1912 118
1912 131
1912 181
1912 248
1912 283
1912 346
1912 430
1913 504
1914 32
1914 34
1914 58
1914 115
1914 131
1914 181
1914 250
1914 283
1914 430
1915 503
1916 58
1916 116
1916 131
1916 181
1916 197
1916 251
1916 281
1916 345
1916 430
1917 503
1918 27
1918 59
1918 116
1918 132
1918 181
1918 253
1918 280
1918 430
1919 502
1920 19
1920 28
1920 34
1920 59
1920 132
1920 180
1920 256
1920 278
1920 431
1921 503
1922 34
1922 59
1922 116
1922 132
1922 180
1922 257
1922 271
1922 278
1922 287
1922 345
1922 431
1923 502
1924 34
1924 60
1924 132
1924 180
1924 258
1924 269
1924 278
1924 288
1924 290
1924 432
1925 501
1926 16
1926 26
1926 31
1926 60
1926 133
1926 180
1926 259
1926 277
1926 290
1926 432
1927 501
1928 17
1928 29
1928 33
1928 60
1928 133
1928 180
1928 260
1928 277
1928 289
1928 433
1929 501
1930 17
1930 29
1930 32
1930 60
1930 132
1930 180
1930 262
1930 269
1930 276
1930 291
1930 433
1931 402
1932 17
1932 60
1932 119
1932 132
1932 180
1932 262
1932 275
1932 286
1932 291
1932 433
1933 403
1934 35
1934 60
1934 113
1934 115
1934 132
1934 179
1934 264
1934 275
1934 292
1934 433
1935 403
1936 32
1936 60
1936 133
1936 179
1936 264
1936 274
1936 294
1936 432
1937 402
1938 32
1938 34
1938 60
1938 111
1938 133
1938 179
1938 264
1938 273
1938 289
1938 294
1938 431
1939 382
1939 402
1940 34
1940 60
1940 111
1940 133
1940 178
1940 265
1940 268
1940 273
1940 295
1940 431
1941 403
1942 35
1942 60
1942 133
1942 178
1942 266
1942 268
1942 273
1942 295
1942 431
1943 403
1944 34
1944 59
1944 117
1944 133
1944 178
1944 269
1944 272
1944 283
1944 285
1944 293
1944 296
1944 432
1945 405
1946 40
1946 59
1946 116
1946 133
1946 177
1946 269
1946 283
1946 286
1946 292
1946 298
1946 433
1947 405
1947 409
1947 449
1948 35
1948 40
1948 59
1948 115
1948 134
1948 177
1948 269
1948 283
1948 286
1948 292
1948 298
1948 433
1949 406
1949 448
1950 12
1950 59
1950 112
1950 119
1950 134
1950 177
1950 269
1950 285
1950 288
1950 295
1950 298
1950 434
1951 406
1951 410
1952 12
1952 37
1952 58
1952 112
1952 119
1952 134
1952 177
1952 269
1952 285
1952 287
1952 297
1952 434
1953 411
1953 444
1954 10
1954 36
1954 58
1954 112
1954 119
1954 134
1954 177
1954 269
1954 286
1954 293
1954 296
1954 299
1954 433
1955 412
1955 444
1955 450
1956 58
1956 112
1956 119
1956 134
1956 178
1956 270
1956 285
1956 294
1956 299
1956 433
1958 11
1958 35
1958 41
1958 44
1958 58
1958 110
1958 114
1958 134
1958 178
1958 270
1958 279
1958 284
1958 286
1958 298
1958 433
1959 442
1959 454
1960 59
1960 114
1960 134
1960 178
1960 270
1960 278
1960 284
1960 290
1960 292
1960 434
1961 443
1961 454
1962 6
1962 10
1962 39
1962 59
1962 114
1962 119
1962 134
1962 160
1962 177
1962 270
1962 279
1962 281
1962 283
1962 287
1962 291
1962 294
1962 299
1962 434
1963 443
1963 454
1964 3
1964 6
1964 40
1964 59
1964 103
1964 110
1964 114
1964 134
1964 160
1964 177
1964 263
1964 270
1964 279
1964 289
1964 292
1964 295
1964 299
1964 435
1965 445
1965 454
1965 460
1966 6
1966 8
1966 39
1966 42
1966 59
1966 104
1966 111
1966 114
1966 134
1966 176
1966 270
1966 280
1966 288
1966 292
1966 435
1967 446
1967 459
1967 469
1968 2
1968 9
1968 39
1968 59
1968 99
1968 104
1968 111
1968 114
1968 120
1968 134
1968 159
1968 176
1968 270
1968 279
1968 289
1968 292
1968 294
1968 434
1969 453
1969 458
1969 462
1969 469
1970 2
1970 9
1970 11
1970 43
1970 52
1970 59
1970 99
1970 105
1970 112
1970 115
1970 134
1970 159
1970 176
1970 270
1970 287
1970 296
1970 435
1971 458
1971 460
1971 468
1972 2
1972 10
1972 14
1972 46
1972 51
1972 60
1972 94
1972 99
1972 105
1972 111
1972 135
1972 161
1972 177
1972 270
1972 279
1972 295
1972 435
1973 460
1973 468
1974 1
1974 10
1974 15
1974 19
1974 41
1974 44
1974 46
1974 51
1974 92
1974 99
1974 104
1974 109
1974 114
1974 135
1974 177
1974 270
1974 293
1974 435
1975 463
1975 467
1976 1
1976 5
1976 7
1976 10
1976 20
1976 46
1976 52
1976 62
1976 97
1976 101
1976 106
1976 108
1976 111
1976 135
1976 177
1976 271
1976 284
1976 294
1976 435
1977 468
1977 473
1978 3
1978 10
1978 19
1978 22
1978 51
1978 63
1978 92
1978 95
1978 97
1978 101
1978 107
1978 109
1978 115
1978 135
1978 161
1978 177
1978 271
1978 295
1978 435
1979 465
1979 469
1980 2
1980 9
1980 12
1980 19
1980 22
1980 63
1980 82
1980 92
1980 94
1980 97
1980 101
1980 104
1980 107
1980 128
1980 135
1980 163
1980 177
1980 271
1980 293
1980 435
1981 471
1981 477
1982 2
1982 22
1982 42
1982 63
1982 83
1982 88
1982 90
1982 99
1982 102
1982 107
1982 109
1982 128
1982 130
1982 136
1982 162
1982 177
1982 271
1982 285
1982 294
1982 296
1982 436
1983 476
1983 479
1984 2
1984 6
1984 8
1984 22
1984 32
1984 35
1984 42
1984 52
1984 63
1984 71
1984 79
1984 83
1984 86
1984 98
1984 103
1984 107
1984 130
1984 135
1984 177
1984 265
1984 272
1984 293
1984 295
1984 436
1985 476
1986 2
1986 7
1986 9
1986 23
1986 32
1986 35
1986 42
1986 52
1986 62
1986 71
1986 80
1986 83
1986 87
1986 98
1986 103
1986 107
1986 117
1986 131
1986 135
1986 177
1986 264
1986 272
1986 293
1986 436
1987 477
1988 18
1988 23
1988 35
1988 52
1988 61
1988 71
1988 80
1988 88
1988 99
1988 103
1988 110
1988 113
1988 117
1988 135
1988 163
1988 176
1988 196
1988 264
1988 272
1988 290
1988 436
1989 478
1990 8
1990 16
1990 20
1990 23
1990 34
1990 61
1990 68
1990 80
1990 89
1990 104
1990 107
1990 110
1990 117
1990 128
1990 135
1990 176
1990 263
1990 272
1990 295
1990 436
1991 479
1992 6
1992 9
1992 12
1992 18
1992 21
1992 27
1992 34
1992 61
1992 70
1992 80
1992 104
1992 107
1992 110
1992 116
1992 128
1992 131
1992 135
1992 162
1992 166
1992 176
1992 255
1992 263
1992 272
1992 295
1992 436
1993 480
1994 19
1994 21
1994 24
1994 30
1994 33
1994 61
1994 72
1994 77
1994 80
1994 83
1994 106
1994 109
1994 116
1994 127
1994 131
1994 135
1994 176
1994 258
1994 262
1994 272
1994 284
1994 294
1994 436
1995 482
1996 8
1996 12
1996 19
1996 25
1996 30
1996 33
1996 62
1996 72
1996 83
1996 106
1996 115
1996 128
1996 132
1996 176
1996 258
1996 262
1996 272
1996 285
1996 294
1996 436
1998 7
1998 9
1998 12
1998 21
1998 26
1998 53
1998 55
1998 62
1998 73
1998 106
1998 110
1998 115
1998 129
1998 133
1998 168
1998 176
1998 257
1998 262
1998 272
1998 283
1998 435
2000 20
2000 26
2000 32
2000 50
2000 56
2000 63
2000 75
2000 109
2000 115
2000 124
2000 128
2000 132
2000 137
2000 176
2000 257
2000 261
2000 272
2000 283
2000 434
2001 496
2002 1
2002 21
2002 25
2002 29
2002 31
2002 49
2002 54
2002 56
2002 63
2002 69
2002 105
2002 108
2002 116
2002 127
2002 175
2002 201
2002 257
2002 259
2002 272
2002 433
2003 496
2003 504
2004 2
2004 6
2004 20
2004 25
2004 27
2004 31
2004 50
2004 56
2004 63
2004 76
2004 105
2004 108
2004 119
2004 131
2004 136
2004 144
2004 175
2004 201
2004 259
2004 264
2004 271
2004 433
2005 504
2006 6
2006 21
2006 27
2006 31
2006 36
2006 50
2006 56
2006 63
2006 76
2006 113
2006 118
2006 126
2006 130
2006 133
2006 136
2006 138
2006 144
2006 147
2006 175
2006 199
2006 258
2006 260
2006 271
2006 312
2006 321
2007 504
2008 1
2008 6
2008 16
2008 19
2008 28
2008 31
2008 36
2008 50
2008 63
2008 68
2008 112
2008 117
2008 123
2008 137
2008 144
2008 147
2008 174
2008 197
2008 257
2008 271
2008 278
2008 434
2009 504
2010 6
2010 18
2010 23
2010 28
2010 30
2010 63
2010 69
2010 77
2010 85
2010 93
2010 117
2010 134
2010 137
2010 147
2010 173
2010 197
2010 257
2010 271
2010 279
2010 434
2011 503
2012 14
2012 23
2012 27
2012 29
2012 36
2012 63
2012 69
2012 78
2012 88
2012 111
2012 128
2012 134
2012 137
2012 140
2012 147
2012 172
2012 200
2012 256
2012 271
2012 285
2012 433
2014 5
2014 8
2014 14
2014 24
2014 26
2014 29
2014 46
2014 63
2014 69
2014 71
2014 78
2014 86
2014 108
2014 111
2014 113
2014 132
2014 134
2014 140
2014 147
2014 153
2014 206
2014 256
2014 260
2014 271
2014 433
2014 436
2016 8
2016 14
2016 28
2016 33
2016 43
2016 57
2016 61
2016 69
2016 74
2016 86
2016 96
2016 109
2016 126
2016 132
2016 138
2016 146
2016 148
2016 155
2016 171
2016 206
2016 253
2016 258
2016 271
2016 283
2016 434
2018 3
2018 8
2018 18
2018 29
2018 33
2018 37
2018 43
2018 53
2018 55
2018 61
2018 71
2018 77
2018 86
2018 88
2018 96
2018 109
2018 118
2018 127
2018 132
2018 146
2018 149
2018 154
2018 171
2018 192
2018 197
2018 253
2018 256
2018 271
2018 283
2018 434
2020 3
2020 7
2020 17
2020 21
2020 33
2020 39
2020 43
2020 45
2020 52
2020 60
2020 63
2020 74
2020 86
2020 99
2020 109
2020 117
2020 128
2020 132
2020 135
2020 138
2020 149
2020 153
2020 157
2020 161
2020 169
2020 171
2020 209
2020 250
2020 256
2020 271
2020 434
2022 5
2022 8
2022 11
2022 18
2022 22
2022 26
2022 33
2022 43
2022 52
2022 60
2022 72
2022 87
2022 99
2022 109
2022 112
2022 128
2022 130
2022 135
2022 139
2022 149
2022 157
2022 166
2022 198
2022 201
2022 209
2022 250
2022 254
2022 271
2022 322
2022 437
2024 2
2024 6
2024 8
2024 22
2024 28
2024 33
2024 44
2024 60
2024 69
2024 73
2024 76
2024 84
2024 88
2024 99
2024 110
2024 112
2024 130
2024 136
2024 145
2024 148
2024 157
2024 168
2024 194
2024 198
2024 208
2024 211
2024 250
2024 270
2024 310
2026 2
2026 9
2026 11
2026 20
2026 23
2026 28
2026 36
2026 44
2026 71
2026 74
2026 83
2026 89
2026 92
2026 95
2026 98
2026 110
2026 113
2026 124
2026 127
2026 135
2026 148
2026 153
2026 159
2026 162
2026 168
2026 198
2026 208
2026 211
2026 270
2026 276
2026 317
2026 320
2026 436
2028 2
2028 6
2028 11
2028 14
2028 20
2028 44
2028 67
2028 73
2028 78
2028 82
2028 90
2028 95
2028 98
2028 102
2028 109
2028 121
2028 123
2028 128
2028 134
2028 144
2028 148
2028 152
2028 159
2028 166
2028 169
2028 199
2028 208
2028 211
2028 215
2028 255
2028 270
2028 277
2028 280
2028 317
2028 436
2030 5
2030 11
2030 14
2030 17
2030 19
2030 30
2030 40
2030 43
2030 45
2030 51
2030 64
2030 70
2030 78
2030 89
2030 92
2030 97
2030 100
2030 102
2030 112
2030 115
2030 119
2030 122
2030 128
2030 134
2030 137
2030 141
2030 148
2030 152
2030 154
2030 160
2030 163
2030 170
2030 176
2030 183
2030 199
2030 211
2030 215
2030 270
2030 279
2030 282
2030 285
2030 310
2030 318
2030 437
2032 5
2032 10
2032 17
2032 39
2032 44
2032 47
2032 50
2032 59
2032 65
2032 73
2032 89
2032 97
2032 100
2032 107
2032 109
2032 117
2032 124
2032 128
2032 134
2032 137
2032 141
2032 148
2032 154
2032 162
2032 167
2032 169
2032 177
2032 182
2032 199
2032 211
2032 214
2032 240
2032 247
2032 270
2032 280
2032 311
2032 318
2032 437
2034 1
2034 4
2034 12
2034 14
2034 16
2034 32
2034 39
2034 59
2034 63
2034 71
2034 73
2034 81
2034 89
2034 100
2034 109
2034 114
2034 119
2034 127
2034 135
2034 139
2034 148
2034 155
2034 158
2034 163
2034 168
2034 177
2034 199
2034 214
2034 220
2034 238
2034 247
2034 271
2034 280
2034 283
2034 437
2036 4
2036 11
2036 14
2036 17
2036 20
2036 24
2036 32
2036 34
2036 39
2036 41
2036 46
2036 60
2036 62
2036 74
2036 84
2036 88
2036 97
2036 99
2036 101
2036 109
2036 114
2036 127
2036 129
2036 136
2036 143
2036 148
2036 153
2036 157
2036 163
2036 177
2036 200
2036 210
2036 213
2036 215
2036 237
2036 241
2036 247
2036 250
2036 263
2036 271
2036 279
2036 283
2036 285
2036 312
2036 437
2038 2
2038 4
2038 12
2038 18
2038 24
2038 32
2038 39
2038 46
2038 52
2038 54
2038 57
2038 62
2038 66
2038 76
2038 82
2038 88
2038 97
2038 99
2038 109
2038 114
2038 127
2038 129
2038 137
2038 141
2038 156
2038 158
2038 165
2038 172
2038 174
2038 178
2038 191
2038 200
2038 210
2038 219
2038 229
2038 233
2038 237
2038 248
2038 258
2038 264
2038 271
2038 281
2038 283
2038 312
2038 318
2038 437
2040 1
2040 8
2040 12
2040 18
2040 25
2040 29
2040 34
2040 37
2040 39
2040 43
2040 47
2040 49
2040 51
2040 57
2040 67
2040 77
2040 81
2040 88
2040 96
2040 98
2040 103
2040 109
2040 119
2040 122
2040 137
2040 139
2040 148
2040 156
2040 160
2040 163
2040 165
2040 172
2040 175
2040 182
2040 194
2040 200
2040 211
2040 218
2040 226
2040 229
2040 233
2040 236
2040 238
2040 245
2040 248
2040 250
2040 253
2040 264
2040 271
2040 318
2040 437
2042 13
2042 18
2042 25
2042 29
2042 37
2042 39
2042 42
2042 56
2042 67
2042 77
2042 88
2042 92
2042 96
2042 102
2042 120
2042 139
2042 145
2042 151
2042 156
2042 162
2042 166
2042 175
2042 182
2042 193
2042 199
2042 211
2042 218
2042 221
2042 224
2042 233
2042 239
2042 241
2042 243
2042 253
2042 257
2042 271
2042 281
2042 437
2044 5
2044 25
2044 35
2044 51
2044 64
2044 67
2044 79
2044 88
2044 96
2044 102
2044 109
2044 119
2044 134
2044 142
2044 151
2044 162
2044 169
2044 173
2044 177
2044 180
2044 183
2044 197
2044 200
2044 211
2044 217
2044 232
2044 240
2044 252
2044 257
2044 260
2044 264
2044 270
2044 285
2044 436
2046 7
2046 16
2046 19
2046 26
2046 34
2046 51
2046 66
2046 77
2046 79
2046 88
2046 94
2046 102
2046 109
2046 119
2046 134
2046 142
2046 147
2046 169
2046 178
2046 184
2046 191
2046 194
2046 200
2046 205
2046 209
2046 211
2046 217
2046 225
2046 232
2046 246
2046 248
2046 252
2046 255
2046 257
2046 269
2046 284
2046 312
2046 436
